0 0.942066 0.148672 0.0617154
1 0.942066 0.206315 0.0840158
2 0.997345 0.276708 0.115566
3 0.999827 0.32374 0.145798
4 0.999827 0.375223 0.159237
5 0.999827 0.421986 0.152364
6 0.999827 0.46329 0.166168
7 0.999827 0.534177 0.171809
8 0.999991 0.589673 0.158958
9 0.999991 0.59303 0.151412
10 0.999991 0.615033 0.151637
11 0.999991 0.625601 0.150474
12 0.999999 0.614854 0.153853
13 0.999999 0.59207 0.167484
14 0.999999 0.579351 0.176172
15 0.999999 0.565915 0.175042
16 0.999999 0.546452 0.169714
17 0.999999 0.580331 0.159092
18 0.999999 0.637807 0.147889
19 0.999999 0.535607 0.188964
20 0.999999 0.549499 0.177548
21 0.999999 0.604347 0.149439
22 0.999999 0.641565 0.158411
23 0.999999 0.67439 0.13749
24 0.999999 0.674203 0.140829
25 0.999999 0.634738 0.136726
26 0.999999 0.590854 0.178341
27 0.999999 0.54285 0.181752
28 0.999999 0.644918 0.152482
29 0.999999 0.676847 0.133519
30 0.999999 0.624762 0.173057
31 0.999999 0.631702 0.157395
32 0.999999 0.632 0.154323
33 0.999999 0.631821 0.150949
34 0.999999 0.66817 0.136487
35 0.999999 0.63647 0.119093
36 0.999999 0.656396 0.1491
37 0.999999 0.668233 0.13958
38 0.999999 0.725876 0.130789
39 0.999999 0.612798 0.163573
40 0.999999 0.618204 0.155733
41 0.999999 0.563426 0.161485
42 0.999999 0.599417 0.153737
43 0.999999 0.633605 0.140721
44 0.999999 0.673152 0.132032
45 0.999999 0.637639 0.149403
46 0.999999 0.635408 0.134924
47 0.999999 0.652992 0.135273
48 0.999999 0.707958 0.115413
49 0.999999 0.637198 0.142054
50 0.999999 0.62193 0.144219
0 0.996796 0.158926 0.0571728
1 0.996796 0.202726 0.0778272
2 0.996796 0.270371 0.101843
3 0.996796 0.358336 0.126584
4 1 0.425279 0.154432
5 1 0.473557 0.168653
6 1 0.532597 0.184935
7 1 0.587955 0.187408
8 1 0.644016 0.162377
9 1 0.685618 0.144955
10 1 0.677997 0.160608
11 1 0.720579 0.14006
12 1 0.700842 0.158405
13 1 0.719001 0.149988
14 1 0.710312 0.150244
15 1 0.804706 0.116401
16 1 0.844689 0.0974244
17 1 0.820029 0.114424
18 1 0.79814 0.133593
19 1 0.803849 0.1287
20 1 0.800558 0.13749
21 1 0.832231 0.122481
22 1 0.876399 0.0878204
23 1 0.853264 0.103562
24 1 0.903132 0.0656106
25 1 0.827342 0.113354
26 1 0.829246 0.108098
27 1 0.84864 0.102636
28 1 0.837752 0.104617
29 1 0.813778 0.120635
30 1 0.801291 0.13004
31 1 0.813941 0.120777
32 1 0.829434 0.120173
33 1 0.841664 0.107008
34 1 0.855113 0.0926465
35 1 0.89798 0.0663716
36 1 0.853625 0.0940082
37 1 0.886762 0.0672154
38 1 0.847207 0.0840528
39 1 0.780922 0.132222
40 1 0.84472 0.104654
41 1 0.832555 0.120545
42 1 0.839763 0.120161
43 1 0.857593 0.102982
44 1 0.892904 0.0803413
45 1 0.842295 0.110159
46 1 0.921309 0.054123
47 1 0.863356 0.101409
48 1 0.850047 0.105775
49 1 0.87927 0.0779199
50 1 0.889972 0.0805473
0 0.951814 0.219185 0.0716734
1 0.99398 0.28895 0.096258
2 0.99398 0.35928 0.1233
3 0.994639 0.402715 0.145212
4 0.999152 0.492907 0.156054
5 0.999975 0.514716 0.151627
6 0.999991 0.59866 0.156618
7 0.999991 0.640609 0.153157
8 0.999996 0.677829 0.142578
9 0.999996 0.701029 0.133972
10 0.999999 0.737276 0.119256
11 0.999999 0.753901 0.114071
12 0.999999 0.743838 0.114267
13 0.999999 0.743722 0.122381
14 0.999999 0.778833 0.114855
15 0.999999 0.785808 0.0967876
16 0.999999 0.815164 0.0821662
17 0.999999 0.818285 0.079942
18 0.999999 0.836925 0.0774804
19 0.999999 0.841716 0.0724174
20 0.999999 0.836578 0.0696209
21 0.999999 0.879681 0.063856
22 0.999999 0.857432 0.0658467
23 0.999999 0.843915 0.0779717
24 0.999999 0.796716 0.109057
25 0.999999 0.837847 0.0808707
26 0.999999 0.839873 0.0747064
27 0.999999 0.879406 0.0455193
28 0.999999 0.847937 0.0672516
29 0.999999 0.830842 0.0779158
30 0.999999 0.863481 0.0632768
31 0.999999 0.885944 0.0467985
32 0.999999 0.832056 0.0933119
33 1 0.855705 0.0765079
34 1 0.871366 0.0542004
35 1 0.91031 0.0267817
36 1 0.858568 0.066247
37 1 0.83399 0.0818657
38 1 0.892455 0.0394017
39 1 0.896275 0.0422472
40 1 0.862581 0.0708015
41 1 0.861666 0.0669965
42 1 0.864357 0.0666714
43 1 0.871157 0.0626179
44 1 0.876478 0.0639376
45 1 0.849578 0.0657358
46 1 0.84638 0.0664665
47 1 0.831661 0.0821412
48 1 0.858909 0.0635589
49 1 0.879786 0.0483077
50 1 0.874615 0.0458588
0 0.983445 0.223309 0.0718546
1 0.983445 0.299971 0.0989069
2 0.999537 0.382449 0.130858
3 0.99992 0.447928 0.157706
4 0.99992 0.488804 0.16796
5 0.999975 0.487151 0.174589
6 0.999975 0.522986 0.163405
7 0.999975 0.581788 0.153448
8 1 0.664705 0.146387
9 1 0.688987 0.141124
10 1 0.727637 0.12058
11 1 0.72572 0.119501
12 1 0.754352 0.0976796
13 1 0.737337 0.123235
14 1 0.724653 0.122836
15 1 0.753772 0.119883
16 1 0.756412 0.123137
17 1 0.702879 0.146279
18 1 0.759275 0.113152
19 1 0.782668 0.103476
20 1 0.825604 0.0823542
21 1 0.797181 0.0966925
22 1 0.834514 0.0854431
23 1 0.845765 0.0859846
24 1 0.83709 0.082629
25 1 0.778027 0.099271
26 1 0.74909 0.123215
27 1 0.759696 0.121533
28 1 0.781885 0.0943396
29 1 0.764543 0.115557
30 1 0.792799 0.0996548
31 1 0.826896 0.0787851
32 1 0.816638 0.0887595
33 1 0.805993 0.0987351
34 1 0.797516 0.109779
35 1 0.843168 0.0784049
36 1 0.818035 0.0954366
37 1 0.800431 0.0959511
38 1 0.756851 0.127946
39 1 0.843812 0.0708438
40 1 0.86393 0.0691876
41 1 0.823566 0.0810262
42 1 0.863584 0.0419151
43 1 0.849576 0.0528861
44 1 0.828434 0.0710372
45 1 0.870475 0.0487956
46 1 0.858152 0.0609289
47 1 0.826233 0.0727978
48 1 0.847406 0.0651424
49 1 0.834469 0.0636013
50 1 0.871703 0.03621
0 0.99995 0.238418 0.0857948
1 0.99995 0.264988 0.106667
2 0.99995 0.306838 0.127233
3 0.99995 0.375331 0.145182
4 0.99995 0.37225 0.150287
5 0.99995 0.427965 0.169137
6 0.99995 0.420992 0.15894
7 0.99995 0.508595 0.165451
8 0.99995 0.485683 0.165782
9 0.99995 0.496933 0.175477
10 0.99995 0.490881 0.181771
11 1 0.533738 0.189629
12 1 0.502642 0.1936
13 1 0.53998 0.187278
14 1 0.527788 0.193419
15 1 0.579007 0.189619
16 1 0.556822 0.182498
17 1 0.533023 0.195766
18 1 0.634308 0.178198
19 1 0.67714 0.17725
20 1 0.683562 0.164964
21 1 0.658497 0.16433
22 1 0.628651 0.170307
23 1 0.594768 0.16325
24 1 0.626148 0.163861
25 1 0.648837 0.173363
26 1 0.624176 0.185084
27 1 0.674584 0.162998
28 1 0.641683 0.189897
29 1 0.640315 0.182852
30 1 0.666237 0.162968
31 1 0.605925 0.194656
32 1 0.656158 0.163921
33 1 0.649086 0.162015
34 1 0.659101 0.171423
35 1 0.607484 0.161717
36 1 0.597792 0.193763
37 1 0.564262 0.192448
38 1 0.600078 0.181112
39 1 0.604823 0.149279
40 1 0.507399 0.197007
41 1 0.474016 0.226183
42 1 0.484834 0.21616
43 1 0.446069 0.229793
44 1 0.492659 0.213154
45 1 0.562584 0.209508
46 1 0.584677 0.197846
47 1 0.510372 0.211915
48 1 0.530265 0.213266
49 1 0.592041 0.185403
50 1 0.586974 0.207359
0 0.987378 0.242687 0.0720487
1 0.994843 0.301196 0.102169
2 0.999975 0.369397 0.133342
3 0.999999 0.423005 0.152059
4 0.999999 0.464753 0.146795
5 1 0.55407 0.165814
6 1 0.527148 0.168479
7 1 0.563777 0.166813
8 1 0.59543 0.165941
9 1 0.576539 0.169447
10 1 0.650205 0.163283
11 1 0.687899 0.152572
12 1 0.629413 0.17295
13 1 0.65796 0.164439
14 1 0.655156 0.162981
15 1 0.649904 0.148819
16 1 0.610781 0.159527
17 1 0.64384 0.13874
18 1 0.664365 0.12746
19 1 0.739998 0.132867
20 1 0.697278 0.134213
21 1 0.727428 0.139152
22 1 0.782159 0.110177
23 1 0.719911 0.135424
24 1 0.741851 0.124254
25 1 0.804052 0.0931576
26 1 0.742371 0.114732
27 1 0.809477 0.0905522
28 1 0.744448 0.122532
29 1 0.709412 0.15359
30 1 0.664483 0.167587
31 1 0.68789 0.143973
32 1 0.739312 0.141591
33 1 0.657229 0.152708
34 1 0.650444 0.155563
35 1 0.551093 0.159871
36 1 0.732795 0.114881
37 1 0.659664 0.153453
38 1 0.649658 0.159908
39 1 0.600394 0.175353
40 1 0.663123 0.170243
41 1 0.661068 0.169516
42 1 0.663844 0.154749
43 1 0.686784 0.137249
44 1 0.725662 0.131941
45 1 0.72387 0.130571
46 1 0.735522 0.126817
47 1 0.739876 0.124366
48 1 0.691025 0.143229
49 1 0.714265 0.131188
50 1 0.770288 0.114516
0 0.949154 0.206599 0.0572826
1 0.982443 0.269579 0.0801587
2 0.982443 0.346199 0.105778
3 0.999984 0.420393 0.140451
4 0.999984 0.474293 0.142847
5 0.999984 0.539402 0.145731
6 0.999984 0.590874 0.153423
7 0.999984 0.638246 0.153736
8 0.999984 0.687466 0.145684
9 0.999996 0.749357 0.123586
10 0.999999 0.778821 0.125945
11 0.999999 0.814019 0.0977255
12 0.999999 0.8327 0.0967005
13 1 0.863739 0.0832305
14 1 0.883676 0.068852
15 1 0.901231 0.059663
16 1 0.916423 0.0505893
17 1 0.928515 0.0359334
18 1 0.941167 0.0336718
19 1 0.949348 0.0201394
20 1 0.959826 0.013223
21 1 0.962399 0.0087269
22 1 0.946828 0.0231879
23 1 0.940741 0.0393849
24 1 0.944007 0.0389572
25 1 0.964365 0.0203436
26 1 0.978239 0.00203395
27 1 0.970367 0.00375919
28 1 0.9523 0.0227704
29 1 0.961535 0.0201151
30 1 0.953439 0.0221305
31 1 0.958148 0.00699781
32 1 0.945745 0.0233133
33 1 0.961431 0.00524458
34 1 0.975264 0.00168833
35 1 0.953618 0.0208423
36 1 0.949183 0.0215217
37 1 0.927669 0.0392957
38 1 0.947579 0.0213095
39 1 0.933741 0.0392662
40 1 0.932065 0.0396092
41 1 0.954029 0.0219907
42 1 0.973884 0.00297628
43 1 0.950102 0.0232687
44 1 0.948394 0.0242606
45 1 0.943379 0.0247192
46 1 0.947417 0.0217398
47 1 0.933291 0.0389591
48 1 0.938907 0.0390302
49 1 0.954649 0.0215631
50 1 0.977667 0.00193226
0 0.993614 0.228298 0.0759715
1 0.999898 0.307914 0.106027
2 0.999898 0.380093 0.149404
3 0.999898 0.457926 0.156277
4 0.999999 0.507893 0.157219
5 0.999999 0.555603 0.160205
6 0.999999 0.571826 0.177317
7 0.999999 0.600955 0.172712
8 0.999999 0.637372 0.171237
9 0.999999 0.676498 0.157008
10 0.999999 0.703633 0.141872
11 0.999999 0.688126 0.137975
12 0.999999 0.670313 0.13749
13 0.999999 0.743201 0.11103
14 0.999999 0.678834 0.146536
15 0.999999 0.703063 0.12598
16 0.999999 0.698691 0.127199
17 0.999999 0.744686 0.107709
18 0.999999 0.789212 0.0897372
19 0.999999 0.748247 0.135096
20 0.999999 0.777844 0.121367
21 0.999999 0.746301 0.121705
22 0.999999 0.778767 0.102652
23 0.999999 0.824168 0.0839
24 0.999999 0.840604 0.0821939
25 0.999999 0.847125 0.0791101
26 0.999999 0.818076 0.0940616
27 1 0.813336 0.0932297
28 1 0.825222 0.0835926
29 1 0.846822 0.0780758
30 1 0.840804 0.0834177
31 1 0.845983 0.0853183
32 1 0.858897 0.0805146
33 1 0.907843 0.0421451
34 1 0.855439 0.064625
35 1 0.806639 0.106885
36 1 0.782334 0.131515
37 1 0.829073 0.0971271
38 1 0.823815 0.101717
39 1 0.851787 0.074629
40 1 0.864991 0.0622889
41 1 0.849042 0.0671121
42 1 0.847611 0.0691753
43 1 0.839164 0.0657894
44 1 0.851308 0.0558064
45 1 0.886335 0.0388995
46 1 0.891878 0.0412181
47 1 0.86001 0.0717427
48 1 0.856943 0.0623975
49 1 0.833688 0.0630271
50 1 0.853607 0.0595349
0 0.998591 0.221617 0.08941
1 0.998591 0.25365 0.11621
2 0.999752 0.365766 0.151552
3 0.999964 0.455019 0.173057
4 0.999991 0.504407 0.185812
5 0.999996 0.575644 0.184986
6 0.999996 0.660841 0.155061
7 0.999999 0.699402 0.149198
8 0.999999 0.759597 0.12697
9 0.999999 0.793385 0.114461
10 0.999999 0.823259 0.0919435
11 0.999999 0.846493 0.0839937
12 0.999999 0.864332 0.0692538
13 0.999999 0.87959 0.0587524
14 1 0.870591 0.0525611
15 1 0.859253 0.0684502
16 1 0.875984 0.0538897
17 1 0.910378 0.0337654
18 1 0.92861 0.0253369
19 1 0.935557 0.0239831
20 1 0.949552 0.00835768
21 1 0.946701 0.00775604
22 1 0.926385 0.0257257
23 1 0.919803 0.0266477
24 1 0.931697 0.0110413
25 1 0.935536 0.0109806
26 1 0.940361 0.010014
27 1 0.922151 0.032299
28 1 0.924823 0.037683
29 1 0.937838 0.0209633
30 1 0.920007 0.0316608
31 1 0.924578 0.0253798
32 1 0.934381 0.0231793
33 1 0.926636 0.0238205
34 1 0.908049 0.0382205
35 1 0.916298 0.0237091
36 1 0.937053 0.0131164
37 1 0.929921 0.0175256
38 1 0.92223 0.0243381
39 1 0.920131 0.0254193
40 1 0.907906 0.0356403
41 1 0.93124 0.0128386
42 1 0.92676 0.016386
43 1 0.943105 0.0101506
44 1 0.922155 0.0302185
45 1 0.942492 0.0139375
46 1 0.954391 0.0113794
47 1 0.92577 0.0294049
48 1 0.912977 0.0347446
49 1 0.920246 0.031643
50 1 0.948925 0.00994572
0 0.999918 0.213189 0.0815037
1 0.999918 0.269912 0.101178
2 0.999918 0.354374 0.134596
3 0.999918 0.399954 0.156513
4 0.999996 0.458386 0.155215
5 0.999996 0.48144 0.165441
6 0.999996 0.529796 0.168103
7 0.999996 0.538502 0.168108
8 0.999996 0.597872 0.170048
9 0.999996 0.641773 0.161895
10 0.999996 0.658362 0.15254
11 0.999996 0.669412 0.150589
12 0.999996 0.72063 0.133336
13 0.999996 0.735318 0.133683
14 0.999996 0.708517 0.154981
15 0.999999 0.694786 0.145502
16 0.999999 0.704174 0.145282
17 0.999999 0.642285 0.169696
18 0.999999 0.694754 0.158953
19 0.999999 0.711767 0.155196
20 0.999999 0.739943 0.138344
21 0.999999 0.78991 0.109232
22 0.999999 0.754292 0.124638
23 0.999999 0.76695 0.128948
24 0.999999 0.703891 0.164268
25 0.999999 0.637548 0.183553
26 0.999999 0.697095 0.162563
27 1 0.733428 0.138202
28 1 0.763859 0.130952
29 1 0.633066 0.15564
30 1 0.6113 0.169344
31 1 0.669836 0.153748
32 1 0.645655 0.157194
33 1 0.706773 0.142516
34 1 0.70086 0.14249
35 1 0.65172 0.141147
36 1 0.71572 0.129942
37 1 0.779929 0.0979425
38 1 0.774846 0.11731
39 1 0.833153 0.0770254
40 1 0.803412 0.100397
41 1 0.782859 0.107535
42 1 0.759536 0.108559
43 1 0.794746 0.0964742
44 1 0.82986 0.086156
45 1 0.806683 0.0952537
46 1 0.758476 0.134042
47 1 0.811763 0.0906935
48 1 0.752727 0.122313
49 1 0.780973 0.101747
50 1 0.774274 0.103382
0 0.999898 0.277895 0.114207
1 0.999898 0.36609 0.149087
2 0.999996 0.451199 0.160079
3 0.999999 0.528167 0.174993
4 0.999999 0.578735 0.17089
5 0.999999 0.639712 0.173175
6 0.999999 0.668462 0.166043
7 0.999999 0.693318 0.168659
8 0.999999 0.707382 0.169301
9 0.999999 0.698236 0.16243
10 0.999999 0.676699 0.178125
11 0.999999 0.735551 0.155965
12 0.999999 0.732991 0.169037
13 0.999999 0.670896 0.195291
14 0.999999 0.710745 0.166155
15 0.999999 0.743312 0.153868
16 0.999999 0.697507 0.170875
17 0.999999 0.745888 0.147476
18 0.999999 0.750068 0.145779
19 0.999999 0.804942 0.133971
20 0.999999 0.765303 0.158706
21 1 0.761747 0.158708
22 1 0.775092 0.150833
23 1 0.779682 0.146841
24 1 0.819682 0.120086
25 1 0.816234 0.117391
26 1 0.771276 0.148153
27 1 0.795042 0.133377
28 1 0.835221 0.117199
29 1 0.814065 0.127613
30 1 0.910235 0.0488531
31 1 0.908681 0.0434835
32 1 0.878906 0.0770111
33 1 0.897439 0.0621301
34 1 0.860223 0.0985562
35 1 0.872657 0.0901946
36 1 0.892374 0.0701649
37 1 0.90077 0.0641251
38 1 0.923882 0.0565849
39 1 0.930883 0.0471135
40 1 0.931003 0.0468265
41 1 0.94086 0.0363132
42 1 0.876357 0.0899781
43 1 0.900234 0.0728304
44 1 0.829813 0.134379
45 1 0.852867 0.113946
46 1 0.86479 0.105138
47 1 0.852252 0.105524
48 1 0.894854 0.0709024
49 1 0.916476 0.0564882
50 1 0.895559 0.0738566
0 0.977818 0.211895 0.0715715
1 0.977818 0.27989 0.0908172
2 0.9983 0.346302 0.106257
3 1 0.439916 0.13134
4 1 0.500515 0.145389
5 1 0.561002 0.151866
6 1 0.593816 0.165728
7 1 0.638927 0.163106
8 1 0.711516 0.138944
9 1 0.75371 0.125675
10 1 0.791458 0.111124
11 1 0.812591 0.104723
12 1 0.850292 0.0813756
13 1 0.864975 0.0756614
14 1 0.897636 0.0534155
15 1 0.920972 0.0386039
16 1 0.930307 0.0359794
17 1 0.954369 0.0137189
18 1 0.95717 0.0128894
19 1 0.954338 0.0126092
20 1 0.956917 0.0110349
21 1 0.938854 0.0192254
22 1 0.946115 0.0174192
23 1 0.956152 0.0125926
24 1 0.964416 0.00973542
25 1 0.963089 0.0102779
26 1 0.968324 0.00779415
27 1 0.965575 0.00848692
28 1 0.973207 0.00741522
29 1 0.978265 0.00730519
30 1 0.991661 0.00019371
31 1 0.990316 0.000337715
32 1 0.987675 0.000593437
33 1 0.98337 0.00115823
34 1 0.980253 0.00146228
35 1 0.976392 0.00233464
36 1 0.983348 0.00127204
37 1 0.981485 0.00140323
38 1 0.9813 0.00209598
39 1 0.983381 0.00114313
40 1 0.981894 0.00115587
41 1 0.972694 0.00301024
42 1 0.97825 0.00151337
43 1 0.97863 0.00166715
44 1 0.982589 0.00104513
45 1 0.977977 0.00202845
46 1 0.965763 0.00464916
47 1 0.958781 0.0083143
48 1 0.94465 0.013524
49 1 0.96233 0.00559805
50 1 0.966438 0.00586234
0 0.9983 0.232766 0.0712653
1 0.9983 0.297541 0.10485
2 0.999952 0.371997 0.13813
3 0.999952 0.462631 0.145618
4 0.999964 0.532737 0.166973
5 0.999996 0.609036 0.156299
6 0.999996 0.647713 0.164212
7 0.999996 0.676198 0.156214
8 1 0.719338 0.140363
9 1 0.747743 0.118928
10 1 0.769133 0.101165
11 1 0.75949 0.102264
12 1 0.802523 0.0848907
13 1 0.84578 0.070437
14 1 0.878919 0.0491764
15 1 0.891508 0.0495542
16 1 0.889742 0.0474414
17 1 0.891725 0.0439248
18 1 0.886661 0.0447763
19 1 0.905944 0.0272439
20 1 0.878654 0.0335557
21 1 0.876427 0.0334177
22 1 0.89332 0.0319211
23 1 0.888073 0.0340662
24 1 0.878289 0.0331891
25 1 0.885125 0.0388755
26 1 0.898718 0.0308325
27 1 0.85299 0.06178
28 1 0.876842 0.047288
29 1 0.889284 0.046402
30 1 0.900694 0.0433439
31 1 0.923904 0.0397333
32 1 0.905286 0.0427262
33 1 0.894228 0.0346442
34 1 0.88867 0.0422438
35 1 0.88791 0.0382521
36 1 0.883595 0.0371565
37 1 0.887452 0.0350187
38 1 0.906286 0.02748
39 1 0.900237 0.0341428
40 1 0.882123 0.0375225
41 1 0.899927 0.0247232
42 1 0.890254 0.0296188
43 1 0.910186 0.0214295
44 1 0.86832 0.063472
45 1 0.867937 0.0578545
46 1 0.890997 0.0448412
47 1 0.868299 0.0639762
48 1 0.898534 0.0327794
49 1 0.905952 0.0333551
50 1 0.924827 0.0130207
0 0.862601 0.165526 0.0578907
1 0.996796 0.222689 0.0835351
2 0.998521 0.300944 0.106883
3 0.998521 0.35262 0.118364
4 0.998521 0.390185 0.135111
5 0.999152 0.468346 0.154814
6 0.999782 0.519074 0.169678
7 0.99992 0.566752 0.154265
8 1 0.591088 0.158278
9 1 0.607755 0.159557
10 1 0.622261 0.161671
11 1 0.652489 0.167094
12 1 0.633198 0.180261
13 1 0.67914 0.166026
14 1 0.735711 0.133275
15 1 0.780438 0.103543
16 1 0.659396 0.173309
17 1 0.729245 0.145094
18 1 0.669705 0.174753
19 1 0.698506 0.162339
20 1 0.695901 0.162013
21 1 0.709112 0.153889
22 1 0.749149 0.139454
23 1 0.698803 0.179233
24 1 0.69107 0.166742
25 1 0.714492 0.170651
26 1 0.765654 0.143846
27 1 0.81018 0.126669
28 1 0.767479 0.155613
29 1 0.764483 0.153421
30 1 0.7278 0.163892
31 1 0.800022 0.132393
32 1 0.810914 0.127978
33 1 0.791645 0.135455
34 1 0.822084 0.10772
35 1 0.824373 0.10115
36 1 0.799416 0.133855
37 1 0.741142 0.166492
38 1 0.801632 0.125981
39 1 0.797173 0.138876
40 1 0.765665 0.153143
41 1 0.7829 0.143538
42 1 0.786943 0.147211
43 1 0.732486 0.173837
44 1 0.749921 0.15943
45 1 0.757632 0.145911
46 1 0.803934 0.127399
47 1 0.780753 0.150163
48 1 0.773297 0.147447
49 1 0.759858 0.159548
50 1 0.779372 0.141984
0 0.992439 0.172174 0.0794677
1 0.995926 0.2557 0.115176
2 0.997732 0.34184 0.151931
3 0.999898 0.405092 0.174858
4 0.999999 0.478086 0.19346
5 0.999999 0.539444 0.196951
6 0.999999 0.587802 0.18277
7 0.999999 0.630975 0.172473
8 0.999999 0.653171 0.169431
9 0.999999 0.638299 0.161691
10 0.999999 0.610353 0.172554
11 0.999999 0.667667 0.155538
12 0.999999 0.708831 0.126208
13 0.999999 0.754827 0.114991
14 0.999999 0.70818 0.143572
15 0.999999 0.763682 0.117088
16 0.999999 0.777866 0.106261
17 0.999999 0.724525 0.128891
18 0.999999 0.727798 0.128905
19 0.999999 0.746541 0.123217
20 0.999999 0.745242 0.113309
21 0.999999 0.760102 0.115689
22 0.999999 0.72747 0.140017
23 0.999999 0.701289 0.145914
24 1 0.774155 0.0920541
25 1 0.734841 0.112786
26 1 0.763195 0.107377
27 1 0.738398 0.120017
28 1 0.790242 0.0992579
29 1 0.820171 0.0909844
30 1 0.806135 0.0903246
31 1 0.810638 0.0931874
32 1 0.776866 0.106481
33 1 0.83216 0.0639318
34 1 0.798758 0.0986073
35 1 0.852634 0.0625312
36 1 0.850701 0.0556408
37 1 0.829493 0.0838236
38 1 0.85333 0.0568227
39 1 0.850457 0.0747436
40 1 0.861703 0.0652527
41 1 0.853231 0.0768099
42 1 0.838401 0.0837682
43 1 0.871354 0.0668105
44 1 0.862447 0.0705102
45 1 0.88251 0.0507446
46 1 0.904431 0.0354644
47 1 0.879095 0.0473025
48 1 0.85558 0.0586416
49 1 0.860173 0.0581255
50 1 0.858471 0.0580986
0 0.63068 0.209839 0.04107
1 0.892444 0.248257 0.0566609
2 0.892444 0.29563 0.0620975
3 0.900436 0.353567 0.0674008
4 0.931027 0.417248 0.0848236
5 0.999827 0.447948 0.109158
6 0.999827 0.410861 0.116498
7 0.999827 0.469001 0.131293
8 0.999827 0.503404 0.140564
9 0.999827 0.559047 0.12251
10 0.999827 0.564715 0.132052
11 0.999827 0.543638 0.129725
12 0.999827 0.545297 0.134197
13 0.999827 0.609764 0.117199
14 0.99992 0.541566 0.146854
15 0.99992 0.548757 0.160055
16 0.999952 0.596401 0.157984
17 0.999964 0.68273 0.136971
18 0.999964 0.687183 0.140023
19 0.999991 0.719421 0.135304
20 0.999991 0.755942 0.131968
21 0.999999 0.760216 0.129543
22 0.999999 0.77755 0.122683
23 0.999999 0.797592 0.100754
24 0.999999 0.804268 0.100801
25 0.999999 0.828915 0.090109
26 0.999999 0.829388 0.0964843
27 0.999999 0.844728 0.0858507
28 1 0.863495 0.0794978
29 1 0.905183 0.0471883
30 1 0.893712 0.0593241
31 1 0.919692 0.0391417
32 1 0.909285 0.0434825
33 1 0.917259 0.0345314
34 1 0.913843 0.0462797
35 1 0.886298 0.0564203
36 1 0.901221 0.0519186
37 1 0.951527 0.00872431
38 1 0.950404 0.0107116
39 1 0.924797 0.0338802
40 1 0.856092 0.0895218
41 1 0.851496 0.084028
42 1 0.895616 0.0500624
43 1 0.869045 0.0734017
44 1 0.892542 0.0588753
45 1 0.913501 0.0401479
46 1 0.940835 0.0173815
47 1 0.882764 0.0625995
48 1 0.942687 0.0154332
49 1 0.924021 0.0395726
50 1 0.917771 0.0428016
0 0.995167 0.192033 0.0674632
1 0.995167 0.263481 0.0923558
2 0.997568 0.326563 0.107762
3 0.997568 0.412059 0.120748
4 0.997675 0.490694 0.145602
5 0.999043 0.530167 0.162548
6 0.999043 0.561159 0.166398
7 0.999984 0.619431 0.166386
8 0.999984 0.698471 0.136623
9 0.999984 0.761839 0.109427
10 0.999984 0.734539 0.115453
11 0.999984 0.759398 0.111157
12 0.999996 0.77895 0.113059
13 0.999999 0.81005 0.0969539
14 0.999999 0.802485 0.0988551
15 0.999999 0.815512 0.0960889
16 0.999999 0.7821 0.108491
17 1 0.761582 0.11806
18 1 0.762339 0.122052
19 1 0.777252 0.110967
20 1 0.779125 0.105932
21 1 0.835203 0.0751908
22 1 0.85531 0.0667317
23 1 0.8505 0.058312
24 1 0.839862 0.0613301
25 1 0.83058 0.0711352
26 1 0.862019 0.0593152
27 1 0.864026 0.0694444
28 1 0.875029 0.0672839
29 1 0.876782 0.0620399
30 1 0.874995 0.0621775
31 1 0.877616 0.0582643
32 1 0.891891 0.0518033
33 1 0.889411 0.044542
34 1 0.903691 0.0341466
35 1 0.879882 0.0590958
36 1 0.88633 0.0575929
37 1 0.84011 0.0844649
38 1 0.845578 0.0738287
39 1 0.803462 0.0976945
40 1 0.801008 0.0973343
41 1 0.822113 0.0838227
42 1 0.842776 0.0740803
43 1 0.861834 0.0631038
44 1 0.870464 0.0587477
45 1 0.877889 0.0540732
46 1 0.877687 0.0559789
47 1 0.864438 0.0642409
48 1 0.886744 0.0426752
49 1 0.896309 0.0332038
50 1 0.879919 0.0442717
0 0.996613 0.198203 0.06659
1 0.996613 0.26835 0.0945171
2 0.996613 0.351911 0.12539
3 0.996613 0.385643 0.141923
4 0.996796 0.443861 0.152327
5 0.999577 0.511907 0.157004
6 0.999664 0.561868 0.154399
7 0.999952 0.564765 0.158926
8 0.999984 0.599639 0.167334
9 0.999984 0.653279 0.153824
10 0.999999 0.675811 0.159058
11 0.999999 0.682551 0.163887
12 0.999999 0.746199 0.145006
13 0.999999 0.810821 0.102734
14 0.999999 0.844923 0.0855363
15 0.999999 0.845026 0.0941812
16 0.999999 0.868547 0.0809235
17 1 0.895863 0.0542075
18 1 0.920163 0.0332214
19 1 0.936887 0.0290024
20 1 0.945332 0.0264714
21 1 0.948096 0.0246455
22 1 0.947275 0.0247423
23 1 0.961293 0.0204723
24 1 0.962425 0.0201691
25 1 0.976474 0.00807202
26 1 0.985598 0.000863891
27 1 0.980309 0.00112297
28 1 0.971423 0.00292683
29 1 0.963647 0.00503932
30 1 0.963016 0.00489607
31 1 0.964876 0.00651145
32 1 0.96582 0.00462824
33 1 0.963003 0.00484856
34 1 0.953778 0.00653804
35 1 0.929485 0.028951
36 1 0.959389 0.0149518
37 1 0.95674 0.0155961
38 1 0.96809 0.0037917
39 1 0.96888 0.00329016
40 1 0.967693 0.00313468
41 1 0.949628 0.0161873
42 1 0.92976 0.0367486
43 1 0.931748 0.0364726
44 1 0.931217 0.033607
45 1 0.918159 0.0425652
46 1 0.950828 0.0158245
47 1 0.933189 0.0287666
48 1 0.931817 0.0288813
49 1 0.928892 0.0295322
50 1 0.928014 0.0350301
0 0.901366 0.218705 0.066918
1 0.962035 0.270706 0.090294
2 0.962035 0.329604 0.114038
3 0.989528 0.406729 0.130405
4 0.990657 0.480434 0.142874
5 0.990657 0.535019 0.151076
6 0.999999 0.603604 0.137884
7 0.999999 0.642075 0.146365
8 0.999999 0.704619 0.1275
9 1 0.750214 0.115862
10 1 0.779079 0.10833
11 1 0.80295 0.0971251
12 1 0.816166 0.0922295
13 1 0.846149 0.0768083
14 1 0.866075 0.0634168
15 1 0.895931 0.0467668
16 1 0.899218 0.0462606
17 1 0.924216 0.0253737
18 1 0.938201 0.0163008
19 1 0.948007 0.00854101
20 1 0.954771 0.00561242
21 1 0.959968 0.0106436
22 1 0.959528 0.00539791
23 1 0.966699 0.00371349
24 1 0.968966 0.0031804
25 1 0.952118 0.0218205
26 1 0.946573 0.0248185
27 1 0.961081 0.00823855
28 1 0.962168 0.00755868
29 1 0.963371 0.00647022
30 1 0.968808 0.00386935
31 1 0.976499 0.00287157
32 1 0.968617 0.00461332
33 1 0.969334 0.00419211
34 1 0.975921 0.00191949
35 1 0.964267 0.00403918
36 1 0.972187 0.00218745
37 1 0.971427 0.0033229
38 1 0.974004 0.00318828
39 1 0.975659 0.00299005
40 1 0.973214 0.00419379
41 1 0.963187 0.00646911
42 1 0.969039 0.00482312
43 1 0.967974 0.00514708
44 1 0.980664 0.00178702
45 1 0.981678 0.00193052
46 1 0.975756 0.00433265
47 1 0.975196 0.0042473
48 1 0.97206 0.00544972
49 1 0.974034 0.00493771
50 1 0.980289 0.00294337
0 0.682672 0.152872 0.0425898
1 0.682672 0.213813 0.0580359
2 0.998919 0.262923 0.0802206
3 0.998919 0.314822 0.0908482
4 0.998919 0.361689 0.103932
5 0.998919 0.421228 0.106492
6 0.998919 0.413871 0.136743
7 0.998919 0.453698 0.140993
8 0.998919 0.52169 0.138468
9 0.999752 0.540815 0.141771
10 0.999975 0.616607 0.137468
11 0.999999 0.647838 0.116666
12 0.999999 0.612006 0.142555
13 0.999999 0.682956 0.128193
14 0.999999 0.696657 0.121137
15 0.999999 0.734442 0.114112
16 0.999999 0.700318 0.137941
17 0.999999 0.771491 0.0906504
18 0.999999 0.802603 0.079912
19 1 0.804972 0.0840254
20 1 0.817416 0.0757828
21 1 0.826288 0.0668836
22 1 0.8241 0.0761199
23 1 0.794368 0.0949838
24 1 0.831889 0.0733692
25 1 0.833129 0.0787447
26 1 0.835696 0.0784775
27 1 0.805527 0.0975822
28 1 0.821511 0.0854594
29 1 0.856491 0.0651727
30 1 0.850025 0.0720792
31 1 0.829074 0.0770796
32 1 0.834532 0.0705694
33 1 0.836591 0.0718335
34 1 0.849353 0.0679395
35 1 0.812207 0.078931
36 1 0.804253 0.0886152
37 1 0.81652 0.0734843
38 1 0.823134 0.0784658
39 1 0.823173 0.0859518
40 1 0.853663 0.056303
41 1 0.817668 0.0803053
42 1 0.828125 0.0691697
43 1 0.845773 0.0729258
44 1 0.849985 0.0596286
45 1 0.874958 0.0464668
46 1 0.872265 0.0516772
47 1 0.872745 0.0594006
48 1 0.881585 0.0593467
49 1 0.88945 0.0547767
50 1 0.857123 0.0702467
0 0.995489 0.183443 0.0733094
1 0.995489 0.273316 0.105191
2 0.995489 0.343637 0.125811
3 0.995489 0.431995 0.146793
4 0.999835 0.519477 0.157503
5 0.999835 0.550711 0.168271
6 0.999999 0.597602 0.171384
7 0.999999 0.64087 0.166293
8 0.999999 0.713529 0.135221
9 0.999999 0.741847 0.128618
10 0.999999 0.769363 0.122637
11 0.999999 0.797184 0.113433
12 0.999999 0.809659 0.109744
13 0.999999 0.829147 0.102648
14 1 0.853953 0.0928397
15 1 0.89263 0.0504596
16 1 0.871454 0.0584038
17 1 0.894798 0.0417848
18 1 0.919233 0.0325499
19 1 0.917948 0.0292624
20 1 0.897913 0.0410491
21 1 0.915434 0.026136
22 1 0.915026 0.0338859
23 1 0.917723 0.0298755
24 1 0.921016 0.028295
25 1 0.915541 0.0427175
26 1 0.923189 0.0205338
27 1 0.925763 0.0276291
28 1 0.939374 0.010838
29 1 0.94846 0.0127773
30 1 0.908769 0.0407283
31 1 0.905987 0.0362365
32 1 0.896859 0.0420886
33 1 0.917519 0.0352987
34 1 0.92863 0.0282442
35 1 0.900587 0.0488858
36 1 0.920312 0.0312119
37 1 0.94493 0.0134832
38 1 0.928849 0.0278624
39 1 0.939807 0.0245973
40 1 0.944054 0.0241065
41 1 0.930341 0.0252743
42 1 0.943401 0.0074141
43 1 0.930637 0.0110798
44 1 0.942783 0.0090617
45 1 0.933647 0.0142272
46 1 0.935298 0.0159475
47 1 0.934011 0.0286671
48 1 0.942442 0.0162182
49 1 0.950304 0.012433
50 1 0.964657 0.0039095
0 0.999975 0.204636 0.0573843
1 0.999975 0.264766 0.0753501
2 0.999975 0.333015 0.0971991
3 0.999975 0.375337 0.105257
4 0.999975 0.432066 0.130473
5 0.999975 0.506828 0.140847
6 0.999984 0.486853 0.142049
7 0.999984 0.531464 0.148727
8 0.999984 0.480117 0.156044
9 0.999984 0.530821 0.154586
10 0.999999 0.651434 0.146105
11 0.999999 0.655288 0.151844
12 1 0.702758 0.143183
13 1 0.741669 0.129892
14 1 0.812301 0.102402
15 1 0.801655 0.111224
16 1 0.798639 0.119174
17 1 0.837096 0.100346
18 1 0.79068 0.116093
19 1 0.79668 0.114818
20 1 0.790577 0.108913
21 1 0.835015 0.0948203
22 1 0.84461 0.090868
23 1 0.846991 0.0959758
24 1 0.809292 0.115234
25 1 0.85787 0.0909856
26 1 0.842785 0.0925698
27 1 0.824309 0.107318
28 1 0.802449 0.121251
29 1 0.863263 0.085678
30 1 0.871784 0.0823645
31 1 0.816606 0.115726
32 1 0.844575 0.0950049
33 1 0.848439 0.0955126
34 1 0.807379 0.118752
35 1 0.80713 0.111131
36 1 0.828645 0.10374
37 1 0.863153 0.0826374
38 1 0.865926 0.0817826
39 1 0.849546 0.0938482
40 1 0.885597 0.0695932
41 1 0.882484 0.073509
42 1 0.848672 0.0941546
43 1 0.826892 0.0987522
44 1 0.832943 0.102328
45 1 0.856111 0.0845048
46 1 0.83362 0.10295
47 1 0.844727 0.0966519
48 1 0.857831 0.0863274
49 1 0.876859 0.0793094
50 1 0.881411 0.0726948
0 0.996069 0.164978 0.0697222
1 0.996069 0.226239 0.10217
2 0.996069 0.305925 0.135623
3 0.996069 0.401143 0.152207
4 0.999405 0.46228 0.151358
5 0.999898 0.496168 0.160282
6 0.999898 0.534491 0.163651
7 0.999975 0.525394 0.168388
8 0.999975 0.575326 0.170135
9 0.999975 0.641072 0.150284
10 0.999975 0.59399 0.150182
11 0.999999 0.667654 0.142128
12 0.999999 0.684531 0.153451
13 0.999999 0.666035 0.147906
14 0.999999 0.716937 0.133971
15 0.999999 0.733645 0.115183
16 0.999999 0.744608 0.11503
17 0.999999 0.735175 0.116282
18 0.999999 0.753401 0.12903
19 0.999999 0.749487 0.126872
20 0.999999 0.802496 0.0969296
21 0.999999 0.753313 0.110674
22 0.999999 0.822343 0.0682382
23 0.999999 0.843969 0.067001
24 0.999999 0.831434 0.074879
25 0.999999 0.871332 0.0514084
26 1 0.820476 0.0857963
27 1 0.815946 0.0934726
28 1 0.849793 0.0568752
29 1 0.855085 0.0559511
30 1 0.875613 0.0469062
31 1 0.870428 0.0506176
32 1 0.872045 0.0469245
33 1 0.823396 0.0857485
34 1 0.817157 0.0869425
35 1 0.797722 0.110558
36 1 0.823369 0.0861251
37 1 0.807634 0.0839144
38 1 0.807111 0.0902434
39 1 0.830922 0.0719489
40 1 0.827018 0.0868907
41 1 0.868731 0.0683808
42 1 0.902622 0.0271564
43 1 0.886014 0.0374042
44 1 0.845403 0.0685996
45 1 0.875557 0.0584268
46 1 0.823186 0.0976666
47 1 0.82329 0.0756007
48 1 0.808108 0.0897965
49 1 0.806837 0.0786126
50 1 0.825688 0.0651185
0 0.66674 0.197743 0.053315
1 0.778547 0.235441 0.0653484
2 0.924094 0.273388 0.0807157
3 0.924094 0.326172 0.0920861
4 0.975642 0.423657 0.110471
5 0.975642 0.46973 0.127795
6 0.977672 0.477944 0.146799
7 0.981755 0.454503 0.153722
8 0.998146 0.498619 0.155119
9 0.998146 0.480661 0.169416
10 0.999859 0.584582 0.168044
11 0.999991 0.606862 0.168984
12 0.999991 0.671351 0.151123
13 0.999991 0.709459 0.127941
14 0.999991 0.780884 0.0950259
15 0.999991 0.700692 0.140819
16 0.999991 0.635787 0.172993
17 0.999991 0.634619 0.180579
18 0.999996 0.608572 0.183711
19 0.999996 0.616403 0.190293
20 0.999996 0.587428 0.201813
21 0.999996 0.590378 0.198713
22 0.999996 0.552269 0.207563
23 0.999996 0.626938 0.188707
24 0.999996 0.569382 0.198413
25 0.999996 0.608372 0.183927
26 0.999996 0.573219 0.208696
27 0.999996 0.603384 0.194909
28 0.999996 0.664243 0.181791
29 0.999996 0.668444 0.178002
30 0.999996 0.659772 0.18731
31 0.999996 0.643356 0.185831
32 0.999996 0.552417 0.205238
33 0.999996 0.555948 0.211683
34 0.999996 0.581861 0.211747
35 0.999996 0.562318 0.211119
36 0.999999 0.575553 0.218244
37 0.999999 0.568368 0.212128
38 0.999999 0.603924 0.20119
39 0.999999 0.581347 0.203958
40 0.999999 0.568611 0.198174
41 0.999999 0.533311 0.206622
42 0.999999 0.573797 0.201485
43 0.999999 0.604501 0.199252
44 0.999999 0.607821 0.199607
45 0.999999 0.57682 0.212117
46 0.999999 0.568951 0.212429
47 0.999999 0.639605 0.193622
48 0.999999 0.634212 0.20152
49 0.999999 0.575689 0.213055
50 0.999999 0.652581 0.192862
0 0.957452 0.194914 0.0678628
1 0.957452 0.238367 0.0887575
2 0.957452 0.310965 0.114187
3 0.973937 0.362985 0.128574
4 0.998521 0.461929 0.144214
5 0.99923 0.507863 0.150094
6 0.999451 0.57389 0.14814
7 0.999882 0.615578 0.162255
8 0.999991 0.633519 0.168985
9 0.999996 0.658175 0.16394
10 0.999999 0.722703 0.15275
11 0.999999 0.782713 0.125296
12 0.999999 0.766634 0.128621
13 0.999999 0.794284 0.123738
14 0.999999 0.749282 0.152192
15 0.999999 0.803752 0.124935
16 0.999999 0.7793 0.143972
17 0.999999 0.815066 0.12071
18 0.999999 0.881362 0.0733727
19 0.999999 0.876438 0.0789078
20 0.999999 0.854163 0.0850699
21 0.999999 0.883646 0.0645895
22 0.999999 0.902614 0.0523915
23 0.999999 0.924065 0.0373346
24 0.999999 0.88325 0.0677048
25 0.999999 0.950735 0.0242408
26 0.999999 0.96824 0.00690128
27 1 0.971095 0.00658294
28 1 0.957255 0.0210968
29 1 0.928981 0.0390664
30 1 0.948141 0.0222619
31 1 0.949713 0.0286747
32 1 0.962863 0.0137323
33 1 0.923172 0.0442961
34 1 0.943561 0.0318411
35 1 0.902845 0.06185
36 1 0.939417 0.0351106
37 1 0.945411 0.0306692
38 1 0.897678 0.0649902
39 1 0.94115 0.0263864
40 1 0.940914 0.0280086
41 1 0.938531 0.0282007
42 1 0.928628 0.0362561
43 1 0.929402 0.036976
44 1 0.947615 0.0217264
45 1 0.926197 0.0319438
46 1 0.910118 0.041584
47 1 0.894883 0.0560378
48 1 0.914915 0.0418824
49 1 0.905351 0.0471275
50 1 0.941651 0.0174235
0 0.933507 0.239203 0.0860372
1 0.941787 0.301768 0.111142
2 0.999108 0.362245 0.127869
3 0.999108 0.423518 0.140549
4 0.999108 0.461545 0.156666
5 0.999108 0.519567 0.15669
6 0.999108 0.54313 0.150333
7 0.999835 0.603413 0.154914
8 0.999898 0.67755 0.127698
9 0.999898 0.727439 0.116192
10 0.999996 0.755157 0.107948
11 0.999996 0.783376 0.0964057
12 1 0.822787 0.071586
13 1 0.854864 0.0548975
14 1 0.868295 0.047939
15 1 0.846574 0.0627654
16 1 0.844759 0.0688952
17 1 0.84743 0.0631395
18 1 0.864918 0.0492328
19 1 0.869595 0.064732
20 1 0.904698 0.0375444
21 1 0.925437 0.0280712
22 1 0.902319 0.045439
23 1 0.882357 0.0670296
24 1 0.900541 0.0489329
25 1 0.847055 0.0940797
26 1 0.86401 0.0811685
27 1 0.858791 0.0892005
28 1 0.842377 0.10322
29 1 0.879359 0.0729447
30 1 0.90205 0.0565159
31 1 0.923682 0.0399839
32 1 0.939815 0.0231441
33 1 0.937776 0.0227512
34 1 0.937975 0.0240291
35 1 0.951146 0.00383605
36 1 0.943607 0.0211311
37 1 0.900772 0.056717
38 1 0.903104 0.042654
39 1 0.888993 0.0594206
40 1 0.881683 0.0592337
41 1 0.901635 0.0434131
42 1 0.901146 0.0446377
43 1 0.897447 0.0446878
44 1 0.887593 0.0584856
45 1 0.910359 0.0323881
46 1 0.905 0.0436128
47 1 0.905547 0.0437244
48 1 0.889223 0.0592173
49 1 0.869643 0.0733317
50 1 0.921005 0.0253346
0 0.982101 0.244847 0.0891231
1 0.982101 0.336248 0.110104
2 0.999652 0.396202 0.132347
3 0.999652 0.485818 0.146151
4 0.999964 0.555713 0.151518
5 0.999999 0.598724 0.156718
6 0.999999 0.662457 0.146999
7 0.999999 0.707762 0.14028
8 0.999999 0.769944 0.109695
9 0.999999 0.780625 0.11961
10 0.999999 0.806603 0.105982
11 1 0.844251 0.0893358
12 1 0.866297 0.0718367
13 1 0.898664 0.0524681
14 1 0.901498 0.0512263
15 1 0.908758 0.0454123
16 1 0.900491 0.0587084
17 1 0.912355 0.0478642
18 1 0.936055 0.0326118
19 1 0.941145 0.0300506
20 1 0.951373 0.016973
21 1 0.952337 0.0237691
22 1 0.968229 0.00428996
23 1 0.969433 0.0054691
24 1 0.976833 0.00370553
25 1 0.976205 0.00160449
26 1 0.974305 0.00171499
27 1 0.973653 0.00206513
28 1 0.972712 0.00162524
29 1 0.948727 0.0209344
30 1 0.948527 0.0216548
31 1 0.935528 0.039225
32 1 0.950997 0.0235679
33 1 0.944012 0.0384562
34 1 0.953156 0.0212786
35 1 0.933629 0.0396226
36 1 0.928747 0.0423787
37 1 0.905326 0.0556133
38 1 0.930432 0.041766
39 1 0.958633 0.020309
40 1 0.91287 0.0421296
41 1 0.91748 0.0439801
42 1 0.933536 0.0218798
43 1 0.923401 0.0291812
44 1 0.942737 0.0208544
45 1 0.938622 0.0241075
46 1 0.921361 0.0393384
47 1 0.895836 0.0644533
48 1 0.934536 0.0326758
49 1 0.930976 0.0306357
50 1 0.947158 0.0232122
0 0.955625 0.209274 0.0650922
1 0.968367 0.274253 0.0930998
2 0.968858 0.336616 0.118489
3 0.979217 0.397818 0.142064
4 0.979217 0.451096 0.154905
5 0.997675 0.514886 0.147978
6 0.997675 0.584753 0.154114
7 0.999752 0.635466 0.150265
8 0.999937 0.668891 0.147035
9 0.999991 0.710375 0.141507
10 0.999999 0.733585 0.13166
11 0.999999 0.777989 0.118246
12 0.999999 0.805791 0.106685
13 0.999999 0.806967 0.112919
14 1 0.836663 0.085544
15 1 0.844474 0.0914707
16 1 0.859158 0.0710607
17 1 0.866827 0.0594631
18 1 0.893741 0.0399614
19 1 0.886013 0.0531269
20 1 0.910643 0.0285217
21 1 0.938877 0.00940842
22 1 0.93686 0.0180318
23 1 0.923605 0.0214786
24 1 0.911049 0.0292001
25 1 0.913483 0.0295274
26 1 0.930529 0.0120718
27 1 0.941447 0.00878088
28 1 0.921249 0.0283688
29 1 0.925332 0.0283551
30 1 0.933407 0.0239294
31 1 0.90335 0.0218994
32 1 0.898807 0.0309544
33 1 0.903371 0.0269197
34 1 0.892603 0.0362721
35 1 0.892917 0.0349351
36 1 0.902986 0.0260509
37 1 0.882537 0.0402622
38 1 0.895465 0.0352492
39 1 0.897866 0.0339389
40 1 0.906596 0.0281679
41 1 0.912343 0.0295947
42 1 0.898745 0.0345232
43 1 0.921981 0.019395
44 1 0.932195 0.0176352
45 1 0.93589 0.0128806
46 1 0.943725 0.0110678
47 1 0.933805 0.0121731
48 1 0.931033 0.0175627
49 1 0.930798 0.0184258
50 1 0.938283 0.00938809
0 0.884072 0.200994 0.0597673
1 0.955005 0.255377 0.0823321
2 0.997458 0.32031 0.111006
3 0.997458 0.396098 0.135438
4 0.997458 0.465822 0.156884
5 0.997458 0.48503 0.167699
6 0.999964 0.573342 0.163018
7 0.999964 0.597405 0.140694
8 0.999996 0.601005 0.133993
9 0.999996 0.639447 0.117652
10 1 0.620528 0.115533
11 1 0.623303 0.124131
12 1 0.695489 0.0924214
13 1 0.634404 0.0918097
14 1 0.659155 0.0825998
15 1 0.649305 0.100644
16 1 0.589311 0.104419
17 1 0.640093 0.115278
18 1 0.64797 0.105106
19 1 0.657051 0.0894368
20 1 0.634602 0.095966
21 1 0.653883 0.0933124
22 1 0.69454 0.106492
23 1 0.688995 0.11493
24 1 0.67094 0.107158
25 1 0.625867 0.111863
26 1 0.583781 0.0987329
27 1 0.583723 0.125518
28 1 0.55833 0.133887
29 1 0.572003 0.144787
30 1 0.635307 0.123948
31 1 0.60934 0.143186
32 1 0.643411 0.123711
33 1 0.639895 0.123882
34 1 0.665381 0.126076
35 1 0.627124 0.120503
36 1 0.658883 0.119022
37 1 0.68313 0.0997767
38 1 0.620365 0.138449
39 1 0.619861 0.128557
40 1 0.588118 0.121491
41 1 0.569908 0.133698
42 1 0.535457 0.142091
43 1 0.585061 0.13935
44 1 0.61119 0.140316
45 1 0.597288 0.119702
46 1 0.595658 0.123525
47 1 0.611264 0.103591
48 1 0.632807 0.113829
49 1 0.627085 0.117173
50 1 0.612297 0.093987
0 0.867317 0.182691 0.0533786
1 0.867317 0.233612 0.0715039
2 0.918577 0.307722 0.0966409
3 0.98033 0.38418 0.119962
4 0.991591 0.418995 0.130627
5 0.999664 0.498224 0.145488
6 0.999984 0.578848 0.138943
7 0.999984 0.626456 0.142546
8 1 0.660737 0.13994
9 1 0.723479 0.124525
10 1 0.71912 0.1485
11 1 0.747243 0.145883
12 1 0.7997 0.112724
13 1 0.807577 0.104079
14 1 0.81627 0.0964179
15 1 0.827168 0.0909258
16 1 0.831382 0.0824833
17 1 0.817919 0.105816
18 1 0.801264 0.110865
19 1 0.846461 0.0722899
20 1 0.814083 0.0952879
21 1 0.842166 0.0756307
22 1 0.839447 0.0891316
23 1 0.839984 0.08149
24 1 0.821514 0.104159
25 1 0.864381 0.0713106
26 1 0.851121 0.0713526
27 1 0.865471 0.0613744
28 1 0.826548 0.0865541
29 1 0.850725 0.0691474
30 1 0.836454 0.0846791
31 1 0.805798 0.0901684
32 1 0.819465 0.0941465
33 1 0.832928 0.085329
34 1 0.809714 0.10376
35 1 0.84512 0.0794361
36 1 0.879625 0.0619922
37 1 0.892244 0.0453186
38 1 0.881229 0.0474115
39 1 0.884437 0.0362576
40 1 0.853291 0.0669466
41 1 0.885785 0.0448773
42 1 0.897782 0.0457756
43 1 0.899345 0.033188
44 1 0.887487 0.0413715
45 1 0.910182 0.0298883
46 1 0.873986 0.0636717
47 1 0.842066 0.0890907
48 1 0.784512 0.112777
49 1 0.843081 0.0808842
50 1 0.830349 0.096275
0 0.824487 0.147735 0.0439389
1 0.834735 0.195895 0.0614265
2 0.834735 0.249406 0.0837303
3 0.849452 0.320196 0.102154
4 0.862895 0.401987 0.113961
5 0.888593 0.447858 0.127621
6 0.898958 0.509357 0.126665
7 0.907814 0.54109 0.128868
8 0.911343 0.591254 0.123132
9 0.923307 0.651516 0.110392
10 0.929931 0.670541 0.116742
11 0.929931 0.722685 0.0905618
12 0.932215 0.737595 0.0870185
13 0.938156 0.763706 0.0828494
14 0.940673 0.786724 0.0708397
15 0.944001 0.819954 0.0462189
16 0.946472 0.842107 0.0368737
17 0.952415 0.847784 0.0374028
18 0.952415 0.858388 0.0364508
19 0.952415 0.857664 0.0340337
20 0.952415 0.86426 0.031034
21 0.954009 0.882625 0.0235248
22 0.954009 0.912097 0.00575752
23 0.956116 0.907106 0.00787219
24 0.958457 0.915535 0.0075201
25 0.958457 0.915258 0.00749941
26 0.958457 0.911387 0.0111729
27 0.998793 0.92614 0.00555477
28 0.998793 0.924624 0.00564739
29 0.998793 0.904823 0.0113035
30 0.998793 0.904419 0.0114389
31 0.998793 0.919706 0.00700513
32 0.998793 0.921763 0.00663558
33 0.999935 0.91737 0.00767306
34 0.999935 0.923832 0.00701019
35 0.999984 0.925398 0.00624112
36 0.999984 0.907352 0.0121532
37 0.999984 0.895054 0.0262222
38 0.999984 0.895479 0.0279884
39 1 0.914103 0.0111196
40 1 0.908199 0.01467
41 1 0.903367 0.0119436
42 1 0.884772 0.0247729
43 1 0.879542 0.0231722
44 1 0.902529 0.00749896
45 1 0.902672 0.00828478
46 1 0.913745 0.00764346
47 1 0.913278 0.0224083
48 1 0.921802 0.00530815
49 1 0.927493 0.00534684
50 1 0.933176 0.00653075
0 0.998591 0.209372 0.0834488
1 0.999537 0.29492 0.115373
2 0.99992 0.384145 0.143897
3 0.999964 0.45737 0.159531
4 0.999964 0.499665 0.161417
5 0.999984 0.5608 0.155069
6 0.999984 0.59542 0.161774
7 0.999984 0.632587 0.163681
8 0.999996 0.692253 0.126988
9 0.999996 0.675555 0.14643
10 0.999996 0.73517 0.119877
11 0.999996 0.711651 0.124043
12 0.999996 0.732974 0.117909
13 0.999996 0.733013 0.121203
14 0.999996 0.743875 0.108495
15 0.999996 0.761862 0.111497
16 0.999996 0.817167 0.0957436
17 0.999996 0.838728 0.0867287
18 0.999996 0.819344 0.0911891
19 0.999996 0.820208 0.0931469
20 0.999999 0.813713 0.0980008
21 0.999999 0.796892 0.102907
22 0.999999 0.784538 0.113134
23 0.999999 0.764936 0.119756
24 0.999999 0.78964 0.104128
25 0.999999 0.791959 0.108771
26 0.999999 0.831577 0.0895304
27 0.999999 0.832343 0.0775904
28 0.999999 0.824707 0.0920975
29 0.999999 0.876918 0.064017
30 0.999999 0.909319 0.0331924
31 0.999999 0.840902 0.0918536
32 0.999999 0.866603 0.0648549
33 0.999999 0.882915 0.0472187
34 0.999999 0.857162 0.0648215
35 0.999999 0.8335 0.0896029
36 0.999999 0.800743 0.114512
37 0.999999 0.796038 0.116157
38 0.999999 0.76807 0.124951
39 0.999999 0.766496 0.121737
40 0.999999 0.77024 0.117832
41 0.999999 0.814118 0.0974609
42 0.999999 0.817907 0.089648
43 0.999999 0.761527 0.128225
44 0.999999 0.763521 0.131444
45 0.999999 0.770571 0.127564
46 0.999999 0.805672 0.0994826
47 0.999999 0.772621 0.120337
48 1 0.798558 0.104678
49 1 0.831853 0.0865079
50 1 0.82584 0.0915215
0 0.992642 0.180903 0.0630591
1 0.999882 0.250017 0.0858578
2 0.999882 0.337679 0.125057
3 0.999882 0.369922 0.15182
4 0.99992 0.462021 0.169266
5 0.99992 0.513732 0.175181
6 0.99992 0.553509 0.161229
7 0.999999 0.561844 0.169765
8 0.999999 0.622855 0.155401
9 0.999999 0.670674 0.153235
10 0.999999 0.713147 0.143329
11 1 0.721525 0.134174
12 1 0.730223 0.140603
13 1 0.775239 0.115534
14 1 0.770146 0.116941
15 1 0.786456 0.111922
16 1 0.851237 0.0690183
17 1 0.833491 0.0826041
18 1 0.819894 0.105251
19 1 0.835668 0.0921073
20 1 0.76612 0.135824
21 1 0.768722 0.123757
22 1 0.752312 0.14019
23 1 0.767829 0.138124
24 1 0.686872 0.175033
25 1 0.729162 0.146338
26 1 0.695331 0.177312
27 1 0.781196 0.138473
28 1 0.726231 0.169834
29 1 0.762456 0.156029
30 1 0.801315 0.137301
31 1 0.767675 0.148694
32 1 0.792086 0.127808
33 1 0.795264 0.137025
34 1 0.748372 0.169678
35 1 0.822682 0.122401
36 1 0.800731 0.141283
37 1 0.810227 0.122049
38 1 0.825506 0.116893
39 1 0.817811 0.1138
40 1 0.80538 0.11874
41 1 0.86081 0.0828049
42 1 0.795934 0.122568
43 1 0.824437 0.103481
44 1 0.833369 0.09509
45 1 0.872661 0.077325
46 1 0.861341 0.0871715
47 1 0.84478 0.0965855
48 1 0.839552 0.100781
49 1 0.858621 0.0808834
50 1 0.878521 0.0676039
0 0.991591 0.210227 0.0645211
1 0.991591 0.268232 0.0836991
2 0.991591 0.357034 0.110199
3 0.999206 0.411786 0.133244
4 0.99992 0.50565 0.150416
5 0.99995 0.534633 0.15643
6 0.99995 0.610781 0.150878
7 0.999952 0.654096 0.150734
8 0.999984 0.674608 0.152191
9 0.999984 0.741543 0.121014
10 0.999999 0.788433 0.106005
11 0.999999 0.769834 0.10909
12 0.999999 0.798958 0.105176
13 0.999999 0.838984 0.0778059
14 0.999999 0.843927 0.0796468
15 0.999999 0.882467 0.0511632
16 0.999999 0.869103 0.0656763
17 0.999999 0.869825 0.0659339
18 0.999999 0.860803 0.0640108
19 0.999999 0.8397 0.0772537
20 0.999999 0.862258 0.0678448
21 0.999999 0.905217 0.0425905
22 0.999999 0.882467 0.0461616
23 0.999999 0.854301 0.068997
24 0.999999 0.864375 0.0555808
25 0.999999 0.853983 0.0846207
26 0.999999 0.86569 0.0758742
27 0.999999 0.866657 0.0788161
28 0.999999 0.855474 0.0796073
29 0.999999 0.862801 0.0750466
30 0.999999 0.865567 0.0656067
31 1 0.870295 0.0696462
32 1 0.887398 0.0517186
33 1 0.876573 0.0511142
34 1 0.876407 0.0601054
35 1 0.888727 0.0550854
36 1 0.887177 0.0573418
37 1 0.901058 0.0382546
38 1 0.917612 0.0244657
39 1 0.925552 0.0213857
40 1 0.903757 0.0528298
41 1 0.942367 0.0171597
42 1 0.938092 0.028097
43 1 0.936174 0.0231518
44 1 0.930411 0.025961
45 1 0.955892 0.00743004
46 1 0.95795 0.00772945
47 1 0.958319 0.0083018
48 1 0.95757 0.00861197
49 1 0.954125 0.0221042
50 1 0.961935 0.00608117
0 0.985034 0.25038 0.0818592
1 0.992439 0.322421 0.110883
2 0.992439 0.393245 0.137802
3 0.999999 0.498803 0.155491
4 0.999999 0.527813 0.16188
5 0.999999 0.59871 0.155188
6 0.999999 0.648354 0.163562
7 0.999999 0.659436 0.165522
8 0.999999 0.671186 0.170918
9 0.999999 0.744202 0.144876
10 0.999999 0.758612 0.142346
11 1 0.725978 0.163678
12 1 0.740166 0.153443
13 1 0.744517 0.155329
14 1 0.79529 0.120607
15 1 0.767057 0.133389
16 1 0.833828 0.0956246
17 1 0.782835 0.141257
18 1 0.779263 0.141883
19 1 0.785774 0.125388
20 1 0.807328 0.11387
21 1 0.840483 0.0832903
22 1 0.792015 0.128902
23 1 0.781345 0.138893
24 1 0.723482 0.169945
25 1 0.755569 0.155644
26 1 0.756466 0.15454
27 1 0.766849 0.151248
28 1 0.740448 0.160068
29 1 0.748521 0.149828
30 1 0.69557 0.184714
31 1 0.706066 0.188192
32 1 0.751301 0.159226
33 1 0.786736 0.134979
34 1 0.790919 0.13016
35 1 0.831937 0.108354
36 1 0.811828 0.121126
37 1 0.793412 0.131713
38 1 0.783449 0.130219
39 1 0.772696 0.135247
40 1 0.80589 0.122554
41 1 0.750247 0.155468
42 1 0.772619 0.143687
43 1 0.77753 0.134337
44 1 0.782001 0.137696
45 1 0.772156 0.142878
46 1 0.764937 0.143794
47 1 0.707768 0.171188
48 1 0.738224 0.152521
49 1 0.750121 0.147843
50 1 0.754906 0.149654
0 0.985034 0.193004 0.0706462
1 0.986236 0.278583 0.100292
2 0.996069 0.346446 0.129097
3 0.996069 0.413054 0.151848
4 0.998979 0.494711 0.157476
5 0.999721 0.557507 0.158127
6 0.99992 0.611279 0.160172
7 0.99992 0.640776 0.163457
8 0.999975 0.655148 0.151022
9 0.999975 0.68219 0.141001
10 0.999975 0.722213 0.102631
11 0.999975 0.735318 0.105919
12 0.999991 0.779624 0.10022
13 0.999991 0.788167 0.0860339
14 0.999991 0.785268 0.0830148
15 0.999991 0.809673 0.0837969
16 0.999991 0.797768 0.111222
17 0.999991 0.813164 0.0943154
18 0.999991 0.842277 0.0604043
19 0.999991 0.855702 0.0542506
20 0.999991 0.873267 0.0435779
21 0.999991 0.896817 0.0198851
22 0.999996 0.876725 0.040307
23 0.999996 0.872991 0.0488837
24 0.999996 0.882456 0.0392994
25 0.999996 0.889675 0.0390401
26 0.999996 0.915781 0.0290627
27 1 0.898658 0.037288
28 1 0.902428 0.0366654
29 1 0.862109 0.0468334
30 1 0.874186 0.0448546
31 1 0.901854 0.0308047
32 1 0.884059 0.0371121
33 1 0.901705 0.0315905
34 1 0.8934 0.0339905
35 1 0.909373 0.0182873
36 1 0.90664 0.0215647
37 1 0.851417 0.0693375
38 1 0.899589 0.0341459
39 1 0.881826 0.0423833
40 1 0.86823 0.0496756
41 1 0.866849 0.0449598
42 1 0.859525 0.0492947
43 1 0.895636 0.0343283
44 1 0.873709 0.0499138
45 1 0.897174 0.035851
46 1 0.907292 0.0345333
47 1 0.918953 0.0316273
48 1 0.917583 0.0292611
49 1 0.929248 0.0251808
50 1 0.925985 0.0264381
0 0.975223 0.224486 0.0754192
1 0.975223 0.269524 0.100073
2 0.995253 0.342004 0.122265
3 0.995253 0.432853 0.147122
4 0.999964 0.493133 0.153906
5 0.999964 0.528152 0.166927
6 0.999964 0.556191 0.162293
7 0.999964 0.573035 0.173074
8 0.999964 0.623753 0.169029
9 0.999991 0.656622 0.148645
10 0.999991 0.691697 0.1232
11 0.999991 0.719493 0.135315
12 0.999991 0.751345 0.125761
13 0.999991 0.735659 0.128379
14 0.999991 0.757588 0.118406
15 0.999991 0.800574 0.105369
16 0.999991 0.811944 0.0968771
17 0.999991 0.839419 0.0763122
18 0.999991 0.831749 0.0808664
19 0.999991 0.869968 0.0651608
20 1 0.868582 0.0643817
21 1 0.87071 0.0563188
22 1 0.88136 0.0555803
23 1 0.89703 0.0397714
24 1 0.909649 0.0333463
25 1 0.890594 0.0493415
26 1 0.865388 0.0572826
27 1 0.862193 0.0529072
28 1 0.837384 0.0667741
29 1 0.850353 0.052951
30 1 0.848923 0.0625908
31 1 0.866704 0.0521055
32 1 0.868916 0.0491585
33 1 0.89288 0.0418453
34 1 0.908976 0.02931
35 1 0.887037 0.0391998
36 1 0.859242 0.0502518
37 1 0.884325 0.0401272
38 1 0.840137 0.0755406
39 1 0.845107 0.0563393
40 1 0.819912 0.0739701
41 1 0.775927 0.0963894
42 1 0.82784 0.0746505
43 1 0.849726 0.0683276
44 1 0.826738 0.0715547
45 1 0.821834 0.0799157
46 1 0.876261 0.0543865
47 1 0.8547 0.067566
48 1 0.885574 0.0516957
49 1 0.886449 0.0498396
50 1 0.859789 0.0582427
0 0.954274 0.165186 0.0573478
1 0.954274 0.231686 0.0790733
2 0.986765 0.295559 0.109052
3 0.998727 0.365767 0.141251
4 0.998727 0.456633 0.160273
5 0.999999 0.514109 0.165731
6 0.999999 0.572929 0.165728
7 0.999999 0.637106 0.155282
8 0.999999 0.641841 0.153317
9 0.999999 0.732111 0.124912
10 0.999999 0.752173 0.120369
11 0.999999 0.778782 0.0974558
12 0.999999 0.836261 0.0708377
13 0.999999 0.857374 0.0593711
14 1 0.850254 0.0731469
15 1 0.834269 0.0868516
16 1 0.863017 0.0733653
17 1 0.878915 0.0538923
18 1 0.873745 0.0621976
19 1 0.8846 0.0558215
20 1 0.883159 0.0581463
21 1 0.873262 0.0665515
22 1 0.904617 0.0463099
23 1 0.907125 0.0309349
24 1 0.891524 0.0520374
25 1 0.90385 0.0480144
26 1 0.902346 0.0449489
27 1 0.913821 0.0466388
28 1 0.92751 0.0264543
29 1 0.906993 0.0441948
30 1 0.898683 0.0487402
31 1 0.90686 0.0373445
32 1 0.889047 0.0613618
33 1 0.871756 0.0816707
34 1 0.893932 0.0612486
35 1 0.934198 0.0349967
36 1 0.881137 0.0846846
37 1 0.852841 0.106845
38 1 0.811427 0.133267
39 1 0.812199 0.128976
40 1 0.835795 0.106881
41 1 0.824476 0.112861
42 1 0.851288 0.0977106
43 1 0.863072 0.0842563
44 1 0.87222 0.0790236
45 1 0.900805 0.0604101
46 1 0.911662 0.0374183
47 1 0.883087 0.0612692
48 1 0.830036 0.0981265
49 1 0.859359 0.0912059
50 1 0.907071 0.0610285
0 0.989196 0.221716 0.0661051
1 0.989196 0.28904 0.0896318
2 0.989196 0.338496 0.108382
3 0.991885 0.417788 0.125344
4 0.999652 0.47874 0.137658
5 0.999918 0.529793 0.149393
6 0.999918 0.581153 0.147087
7 0.999918 0.630479 0.134574
8 0.999918 0.668963 0.132262
9 0.999991 0.693976 0.133474
10 0.999991 0.719667 0.128095
11 0.999991 0.765739 0.109004
12 1 0.802207 0.0979402
13 1 0.843968 0.0807173
14 1 0.834194 0.0948285
15 1 0.853096 0.0796383
16 1 0.867655 0.0772851
17 1 0.865099 0.077811
18 1 0.875295 0.0625931
19 1 0.847931 0.0909472
20 1 0.845837 0.094657
21 1 0.881456 0.0651791
22 1 0.869212 0.0660165
23 1 0.863704 0.0805026
24 1 0.883911 0.0650717
25 1 0.881905 0.0667856
26 1 0.883262 0.0617679
27 1 0.876126 0.0636572
28 1 0.887356 0.0629207
29 1 0.893518 0.0616903
30 1 0.942999 0.0098852
31 1 0.919942 0.0188545
32 1 0.942137 0.0084964
33 1 0.913599 0.029548
34 1 0.865443 0.0659383
35 1 0.845512 0.0845449
36 1 0.84313 0.0935636
37 1 0.896401 0.0510098
38 1 0.867629 0.0660788
39 1 0.872672 0.0643245
40 1 0.8595 0.0690006
41 1 0.802388 0.108441
42 1 0.823091 0.0956851
43 1 0.856397 0.0667002
44 1 0.834746 0.0811267
45 1 0.857807 0.0642973
46 1 0.858283 0.068648
47 1 0.829021 0.0828586
48 1 0.868087 0.0635807
49 1 0.850592 0.0781925
50 1 0.882331 0.0465694
0 0.89659 0.23163 0.0803646
1 0.89659 0.258027 0.0996513
2 0.935903 0.34886 0.120077
3 0.996695 0.435614 0.143206
4 0.997282 0.455395 0.153012
5 0.999309 0.535071 0.166598
6 0.999652 0.60851 0.156014
7 0.999975 0.628723 0.16237
8 1 0.645495 0.162784
9 1 0.690934 0.148817
10 1 0.702097 0.150499
11 1 0.685625 0.151543
12 1 0.730496 0.131377
13 1 0.724064 0.142567
14 1 0.749348 0.128752
15 1 0.771764 0.113185
16 1 0.790227 0.115912
17 1 0.777288 0.117071
18 1 0.768523 0.123398
19 1 0.788885 0.116351
20 1 0.827954 0.0751655
21 1 0.807152 0.0859501
22 1 0.787602 0.112382
23 1 0.824861 0.0871574
24 1 0.82016 0.0875183
25 1 0.815195 0.0913267
26 1 0.852594 0.0661678
27 1 0.837911 0.0790361
28 1 0.842742 0.061106
29 1 0.859215 0.0565101
30 1 0.875764 0.0365991
31 1 0.843898 0.0607223
32 1 0.834061 0.0650881
33 1 0.815193 0.0730245
34 1 0.83293 0.057994
35 1 0.855042 0.0416059
36 1 0.818879 0.061126
37 1 0.835923 0.049216
38 1 0.814339 0.0630134
39 1 0.852112 0.0478766
40 1 0.806238 0.0740046
41 1 0.844289 0.0503678
42 1 0.869467 0.0364813
43 1 0.844107 0.0490819
44 1 0.863303 0.0472274
45 1 0.813768 0.0789394
46 1 0.817506 0.0551442
47 1 0.807353 0.0750537
48 1 0.804183 0.0686894
49 1 0.844129 0.0404799
50 1 0.851872 0.0419117
0 0.944978 0.212031 0.0625643
1 0.94569 0.276594 0.0936068
2 0.991591 0.341726 0.116952
3 0.997882 0.405347 0.128581
4 0.997882 0.463141 0.14163
5 0.999975 0.546177 0.152168
6 0.999975 0.591471 0.154438
7 0.999984 0.641691 0.14285
8 0.999984 0.679775 0.154037
9 0.999999 0.733684 0.130262
10 1 0.74588 0.116469
11 1 0.77783 0.110943
12 1 0.817784 0.088173
13 1 0.842673 0.0738486
14 1 0.86067 0.0670614
15 1 0.866982 0.0650882
16 1 0.89619 0.0566057
17 1 0.906055 0.0524263
18 1 0.913563 0.0474985
19 1 0.90443 0.0602273
20 1 0.914771 0.0417419
21 1 0.944087 0.022578
22 1 0.939005 0.0230974
23 1 0.946641 0.00875993
24 1 0.948756 0.00903534
25 1 0.94578 0.0090807
26 1 0.958769 0.00652086
27 1 0.955137 0.00645194
28 1 0.957332 0.0067962
29 1 0.939408 0.0113761
30 1 0.938224 0.0094845
31 1 0.935041 0.00973236
32 1 0.939174 0.00903144
33 1 0.952903 0.0081088
34 1 0.925547 0.0272018
35 1 0.928748 0.0180183
36 1 0.920618 0.0180238
37 1 0.902667 0.0228918
38 1 0.910329 0.0239522
39 1 0.913712 0.0253569
40 1 0.890892 0.0500056
41 1 0.924837 0.031175
42 1 0.901001 0.044998
43 1 0.923316 0.0206599
44 1 0.908046 0.0335338
45 1 0.916693 0.03404
46 1 0.901738 0.0377846
47 1 0.911256 0.0248558
48 1 0.923595 0.0210093
49 1 0.892918 0.0262666
50 1 0.907982 0.0250444
0 0.95624 0.20344 0.0590595
1 0.95624 0.253754 0.0826243
2 0.95624 0.322925 0.100951
3 0.95624 0.382795 0.114719
4 0.95624 0.443115 0.124873
5 0.997882 0.512829 0.146344
6 0.997882 0.574582 0.147563
7 0.999964 0.600399 0.151952
8 0.999999 0.647468 0.137499
9 0.999999 0.69256 0.117178
10 0.999999 0.735475 0.116438
11 0.999999 0.767287 0.100864
12 0.999999 0.783913 0.0929831
13 0.999999 0.789521 0.0988491
14 0.999999 0.828824 0.0842523
15 0.999999 0.845306 0.077044
16 0.999999 0.876275 0.0545119
17 0.999999 0.893176 0.0366586
18 0.999999 0.904393 0.0328107
19 0.999999 0.913739 0.035223
20 0.999999 0.917435 0.0309328
21 0.999999 0.916148 0.0206993
22 0.999999 0.936899 0.0136518
23 0.999999 0.915725 0.0200847
24 1 0.910182 0.0372354
25 1 0.910539 0.0360234
26 1 0.930534 0.0249749
27 1 0.963182 0.00616236
28 1 0.956516 0.00734636
29 1 0.945574 0.012726
30 1 0.947597 0.0113077
31 1 0.938592 0.0136153
32 1 0.941626 0.0167391
33 1 0.924448 0.0296388
34 1 0.933887 0.0269564
35 1 0.94554 0.0195352
36 1 0.955278 0.0176972
37 1 0.957577 0.00984869
38 1 0.950894 0.0107478
39 1 0.957754 0.00613757
40 1 0.957079 0.00650417
41 1 0.953667 0.00962792
42 1 0.958314 0.00874205
43 1 0.945524 0.0130117
44 1 0.950851 0.00986178
45 1 0.948857 0.0118935
46 1 0.948506 0.011307
47 1 0.936109 0.0251871
48 1 0.938651 0.0316091
49 1 0.941001 0.0243765
50 1 0.948397 0.0118603
0 0.898366 0.179546 0.0658387
1 0.899253 0.242956 0.085681
2 0.995834 0.301452 0.101064
3 0.995834 0.349451 0.121032
4 0.995834 0.419849 0.129892
5 0.995834 0.467245 0.120757
6 0.995834 0.489285 0.133107
7 0.997645 0.600472 0.13932
8 0.997645 0.574942 0.154911
9 0.997882 0.564435 0.146438
10 0.998761 0.609032 0.152447
11 0.999043 0.532912 0.170976
12 0.999108 0.603886 0.145277
13 0.999996 0.655337 0.139853
14 0.999996 0.65154 0.161728
15 0.999999 0.580798 0.184307
16 0.999999 0.585865 0.153561
17 0.999999 0.699155 0.136039
18 0.999999 0.624919 0.169966
19 1 0.663348 0.151694
20 1 0.665768 0.156071
21 1 0.659198 0.152281
22 1 0.686178 0.141879
23 1 0.697751 0.134681
24 1 0.666823 0.150924
25 1 0.699331 0.14538
26 1 0.682163 0.132295
27 1 0.698281 0.145257
28 1 0.641529 0.162401
29 1 0.71039 0.135696
30 1 0.668389 0.141842
31 1 0.69504 0.142218
32 1 0.713342 0.143732
33 1 0.727303 0.149071
34 1 0.654153 0.178278
35 1 0.683974 0.16715
36 1 0.734094 0.136128
37 1 0.65628 0.164844
38 1 0.668445 0.171083
39 1 0.669145 0.164684
40 1 0.752751 0.128734
41 1 0.663888 0.171639
42 1 0.700644 0.146233
43 1 0.672441 0.160694
44 1 0.670705 0.158718
45 1 0.677716 0.138039
46 1 0.678568 0.161782
47 1 0.749687 0.131946
48 1 0.710928 0.14682
49 1 0.70217 0.14643
50 1 0.685507 0.148198
0 0.941322 0.164534 0.0451304
1 0.982781 0.213835 0.0637752
2 0.982781 0.25742 0.0759423
3 0.982781 0.323697 0.11014
4 0.982781 0.416679 0.117447
5 0.9983 0.44184 0.137347
6 0.999616 0.494101 0.139008
7 0.999616 0.529689 0.14421
8 0.999616 0.607709 0.123731
9 0.999952 0.633606 0.132879
10 0.999952 0.639304 0.134692
11 0.999996 0.669823 0.136177
12 0.999996 0.716849 0.121022
13 0.999996 0.727182 0.12229
14 1 0.782208 0.097975
15 1 0.821542 0.0748462
16 1 0.795586 0.106814
17 1 0.822528 0.0871503
18 1 0.857098 0.0738217
19 1 0.854338 0.0765309
20 1 0.857343 0.0651267
21 1 0.888396 0.0599236
22 1 0.871971 0.0743427
23 1 0.887745 0.0619106
24 1 0.907609 0.0463068
25 1 0.918066 0.0266149
26 1 0.92719 0.0244557
27 1 0.917276 0.0305112
28 1 0.936562 0.0186664
29 1 0.916931 0.0364296
30 1 0.933348 0.0259932
31 1 0.94268 0.0243653
32 1 0.926529 0.0392069
33 1 0.921076 0.0479474
34 1 0.942182 0.0347053
35 1 0.970661 0.0111113
36 1 0.963349 0.0181596
37 1 0.955263 0.0183785
38 1 0.921903 0.04523
39 1 0.926614 0.0401506
40 1 0.939753 0.0312694
41 1 0.97352 0.00672628
42 1 0.924263 0.041402
43 1 0.957072 0.024198
44 1 0.936985 0.0339691
45 1 0.906625 0.0599395
46 1 0.919035 0.0438461
47 1 0.893323 0.0708024
48 1 0.925127 0.045361
49 1 0.933151 0.0375816
50 1 0.948014 0.0288588
0 0.972684 0.150787 0.0606305
1 0.996382 0.215318 0.0821201
2 0.996382 0.280245 0.109481
3 0.996382 0.367291 0.136882
4 0.996382 0.395886 0.145219
5 0.999809 0.469593 0.165148
6 0.999827 0.541368 0.162389
7 0.99995 0.552324 0.171357
8 0.999964 0.591054 0.171171
9 0.999964 0.655335 0.149037
10 0.999964 0.676064 0.140728
11 0.999964 0.700182 0.134071
12 0.999975 0.735487 0.128671
13 0.999999 0.72567 0.132226
14 0.999999 0.772467 0.108273
15 0.999999 0.814122 0.0852227
16 0.999999 0.776779 0.103131
17 0.999999 0.771554 0.109664
18 0.999999 0.786178 0.106205
19 0.999999 0.847168 0.0697692
20 0.999999 0.838146 0.0608636
21 0.999999 0.805831 0.0840124
22 0.999999 0.798464 0.0982643
23 0.999999 0.791799 0.0927162
24 0.999999 0.843326 0.066205
25 1 0.837661 0.0674474
26 1 0.820781 0.081224
27 1 0.804608 0.0895917
28 1 0.812468 0.0859686
29 1 0.818005 0.0763896
30 1 0.797896 0.0796301
31 1 0.826294 0.0642218
32 1 0.776778 0.0925423
33 1 0.81503 0.0791114
34 1 0.791815 0.0881891
35 1 0.813052 0.0778257
36 1 0.787344 0.0993174
37 1 0.800035 0.074705
38 1 0.853464 0.0588417
39 1 0.831992 0.0690393
40 1 0.84749 0.0625019
41 1 0.842507 0.0805697
42 1 0.843527 0.0644459
43 1 0.811813 0.0872772
44 1 0.783262 0.0899329
45 1 0.817572 0.0742606
46 1 0.841663 0.0514354
47 1 0.875905 0.0465572
48 1 0.881051 0.0444152
49 1 0.870058 0.0564722
50 1 0.889338 0.0492011
0 0.950002 0.236264 0.0791969
1 0.964787 0.335391 0.116029
2 0.981991 0.412704 0.142023
3 0.999495 0.47294 0.161999
4 0.999495 0.523551 0.165916
5 0.999991 0.581603 0.170639
6 0.999991 0.653545 0.150677
7 0.999999 0.691783 0.152929
8 0.999999 0.727132 0.145871
9 0.999999 0.773626 0.13005
10 0.999999 0.810253 0.103027
11 1 0.823302 0.101025
12 1 0.846572 0.0881085
13 1 0.851179 0.0817189
14 1 0.833649 0.10184
15 1 0.879836 0.0551859
16 1 0.902264 0.0471125
17 1 0.897952 0.0458614
18 1 0.855772 0.0641929
19 1 0.886319 0.0448103
20 1 0.905214 0.0372168
21 1 0.90161 0.0415106
22 1 0.899119 0.031217
23 1 0.915929 0.0176946
24 1 0.919937 0.0293554
25 1 0.918499 0.0197739
26 1 0.891838 0.047372
27 1 0.904052 0.045409
28 1 0.896894 0.0520229
29 1 0.922972 0.0179447
30 1 0.91696 0.0195455
31 1 0.931816 0.0125817
32 1 0.902658 0.0365416
33 1 0.903913 0.038162
34 1 0.884066 0.0524477
35 1 0.923215 0.0185971
36 1 0.926956 0.0197458
37 1 0.925441 0.0183505
38 1 0.910423 0.0296623
39 1 0.910284 0.0242228
40 1 0.85705 0.0675819
41 1 0.867821 0.043081
42 1 0.901131 0.0283367
43 1 0.902139 0.0290299
44 1 0.899942 0.0347622
45 1 0.911032 0.0241574
46 1 0.934112 0.0157831
47 1 0.927639 0.0181037
48 1 0.93069 0.0175233
49 1 0.904173 0.0377001
50 1 0.907202 0.0335397
0 0.778517 0.230976 0.0563806
1 0.778517 0.24662 0.0658129
2 0.83045 0.304183 0.0792021
3 0.906636 0.330167 0.0928025
4 0.950809 0.413861 0.106751
5 0.950809 0.446372 0.114596
6 0.994385 0.515392 0.128325
7 0.999835 0.591108 0.111671
8 0.999835 0.645671 0.111642
9 0.999984 0.686268 0.121333
10 0.999984 0.714743 0.125814
11 0.999984 0.748126 0.107017
12 0.999991 0.792535 0.08386
13 0.999991 0.805423 0.0899229
14 1 0.832334 0.073495
15 1 0.851371 0.0622132
16 1 0.866304 0.0693961
17 1 0.887768 0.0528002
18 1 0.900415 0.0397045
19 1 0.904291 0.0406027
20 1 0.909462 0.0399231
21 1 0.94441 0.0154502
22 1 0.950165 0.0103959
23 1 0.949769 0.00873312
24 1 0.939875 0.0117112
25 1 0.944339 0.0142474
26 1 0.951621 0.012675
27 1 0.942199 0.0129418
28 1 0.949567 0.0112552
29 1 0.954926 0.00934167
30 1 0.958564 0.00887425
31 1 0.951205 0.0114641
32 1 0.955111 0.00790165
33 1 0.958056 0.00650523
34 1 0.954648 0.00813821
35 1 0.979415 0.0013927
36 1 0.974182 0.00217599
37 1 0.972952 0.00304375
38 1 0.964245 0.00638285
39 1 0.967133 0.00414916
40 1 0.964731 0.00478127
41 1 0.960827 0.00588127
42 1 0.958971 0.00520759
43 1 0.968303 0.00429006
44 1 0.964113 0.00881516
45 1 0.963731 0.00785255
46 1 0.963172 0.00798168
47 1 0.961027 0.00611613
48 1 0.949664 0.00929119
49 1 0.948976 0.00897022
50 1 0.946814 0.0118342
0 0.870008 0.168663 0.0513591
1 0.870008 0.220084 0.0691554
2 0.91763 0.30262 0.0929159
3 0.992439 0.353884 0.103926
4 0.992439 0.412516 0.116345
5 0.992439 0.45604 0.125386
6 0.992439 0.509431 0.12333
7 0.992439 0.525889 0.113058
8 0.999876 0.564988 0.120941
9 0.999975 0.582599 0.130156
10 0.999975 0.597395 0.114576
11 0.999975 0.651739 0.0907493
12 0.999975 0.642756 0.114597
13 0.999975 0.673886 0.112842
14 0.999991 0.686334 0.1004
15 0.999991 0.704729 0.10253
16 0.999999 0.71496 0.0962103
17 0.999999 0.725078 0.0852882
18 0.999999 0.724555 0.0990631
19 0.999999 0.772071 0.0972203
20 0.999999 0.758324 0.114547
21 0.999999 0.769213 0.0946451
22 0.999999 0.796958 0.0883586
23 0.999999 0.818474 0.079118
24 0.999999 0.805473 0.0885756
25 0.999999 0.844729 0.0613802
26 0.999999 0.882905 0.0463403
27 0.999999 0.887678 0.0418406
28 0.999999 0.879991 0.0501049
29 1 0.90488 0.0285726
30 1 0.905289 0.0289475
31 1 0.905055 0.0318131
32 1 0.907178 0.0315709
33 1 0.927585 0.0174408
34 1 0.898866 0.0326661
35 1 0.893528 0.0494981
36 1 0.906497 0.0350176
37 1 0.91841 0.0264198
38 1 0.881594 0.0553376
39 1 0.913517 0.0369024
40 1 0.924287 0.0287101
41 1 0.908441 0.0383665
42 1 0.893273 0.0475893
43 1 0.907823 0.0455391
44 1 0.904856 0.0471601
45 1 0.897299 0.048561
46 1 0.93538 0.0225357
47 1 0.91701 0.0406334
48 1 0.906042 0.038791
49 1 0.883152 0.0642194
50 1 0.885439 0.0656528
0 0.993614 0.182537 0.0706152
1 0.996991 0.26626 0.0974216
2 0.999999 0.366507 0.138249
3 0.999999 0.47075 0.168509
4 0.999999 0.519483 0.173588
5 0.999999 0.55908 0.18607
6 0.999999 0.632593 0.176027
7 1 0.672042 0.172902
8 1 0.681913 0.170037
9 1 0.665424 0.172352
10 1 0.755901 0.141153
11 1 0.776979 0.142676
12 1 0.79317 0.127232
13 1 0.80513 0.112011
14 1 0.799664 0.12315
15 1 0.785006 0.136328
16 1 0.795992 0.141131
17 1 0.769324 0.151533
18 1 0.790853 0.135284
19 1 0.797464 0.142153
20 1 0.857004 0.101846
21 1 0.863854 0.0974256
22 1 0.818758 0.126022
23 1 0.911683 0.0664544
24 1 0.858919 0.108889
25 1 0.875583 0.0981554
26 1 0.898256 0.0823861
27 1 0.79759 0.153298
28 1 0.81556 0.140063
29 1 0.889262 0.0818359
30 1 0.931554 0.0479602
31 1 0.853569 0.112263
32 1 0.854828 0.112665
33 1 0.879589 0.089211
34 1 0.858014 0.103868
35 1 0.859748 0.105482
36 1 0.843163 0.118717
37 1 0.822816 0.132418
38 1 0.811235 0.130783
39 1 0.824066 0.117289
40 1 0.814049 0.131419
41 1 0.816038 0.131861
42 1 0.871861 0.0900637
43 1 0.859063 0.104521
44 1 0.85876 0.104537
45 1 0.876203 0.089315
46 1 0.856347 0.103566
47 1 0.803062 0.145437
48 1 0.856575 0.104695
49 1 0.727416 0.190264
50 1 0.885548 0.089652
0 0.992617 0.214292 0.0904707
1 0.992617 0.274761 0.112217
2 0.993995 0.34599 0.121867
3 0.997282 0.387285 0.130607
4 0.999964 0.454537 0.162693
5 0.999964 0.499975 0.156469
6 0.999975 0.547897 0.151143
7 1 0.612861 0.162348
8 1 0.674207 0.151399
9 1 0.699912 0.147363
10 1 0.716343 0.146539
11 1 0.692401 0.155493
12 1 0.717271 0.154118
13 1 0.717312 0.157029
14 1 0.683027 0.170677
15 1 0.692487 0.163116
16 1 0.640962 0.178263
17 1 0.636357 0.178511
18 1 0.650381 0.17176
19 1 0.771922 0.129326
20 1 0.702003 0.143378
21 1 0.735584 0.143109
22 1 0.697321 0.152453
23 1 0.758073 0.123325
24 1 0.648995 0.179737
25 1 0.653869 0.165064
26 1 0.691235 0.14911
27 1 0.786123 0.107016
28 1 0.759993 0.13175
29 1 0.783497 0.13549
30 1 0.753779 0.146411
31 1 0.782605 0.139245
32 1 0.851047 0.0949097
33 1 0.848816 0.0836031
34 1 0.846641 0.0871301
35 1 0.780509 0.117028
36 1 0.767703 0.135441
37 1 0.843555 0.0966635
38 1 0.793032 0.124841
39 1 0.813903 0.113077
40 1 0.801151 0.131824
41 1 0.829749 0.105627
42 1 0.833505 0.108754
43 1 0.853214 0.0989
44 1 0.854887 0.1046
45 1 0.784024 0.146119
46 1 0.802844 0.131526
47 1 0.818344 0.123102
48 1 0.83548 0.101259
49 1 0.862104 0.0878099
50 1 0.816719 0.0976583
