0
1
0
0
0
1
0
0
1
0
0
0
0
0
0
0
0
0
1
0
0
0
0
0
0
0
2
2
0
0
3
3
3
3
2
3
0
3
0
0
3
3
0
3
0
2
0
4
4
2
4
4
4
4
4
4
4
4
3
0
5
5
5
5
5
5
5
5
5
5
0
4
5
0
5
1
0
6
6
6
6
6
6
6
6
6
6
6
6
6
7
7
7
7
7
7
7
7
7
7
7
7
7
7
7
8
0
8
0
8
0
8
8
8
8
8
0
8
8
8
9
9
9
9
9
9
9
9
9
9
9
9
9
9
9
10
0
10
0
10
0
10
0
10
0
10
0
10
0
10
11
11
11
11
11
11
11
11
11
11
11
11
11
11
11
12
12
12
12
12
12
12
12
12
12
12
12
12
12
12
13
13
13
13
13
13
13
13
13
13
13
13
13
13
13
14
14
14
0
0
14
14
14
14
14
14
14
14
0
0
15
15
15
15
15
15
15
15
15
15
15
15
15
15
15
16
16
16
16
16
16
16
16
16
16
16
16
16
16
16
17
17
17
17
17
17
17
17
17
17
17
17
17
17
17
18
18
18
18
18
18
18
0
18
0
18
18
18
18
18
19
19
19
19
19
19
19
19
19
19
19
19
19
19
19
20
20
20
20
20
20
20
20
0
4
20
20
0
0
0
