0
0
0
0
0
0
0.333333
0
0.425532
0
0.416667
0.27027
0.298507
0
0.344828
0.425532
0
0
0
0
0.140845
0.425532
0.3125
0
0.408163
0.3125
0.357143
0.266667
0
0
0
0
0
0
0.13245
0
0
0.273973
0
0
0
0.289855
0
0
0
0.416667
0
0
0.108696
0
0
0.127389
0.30303
0
0.416667
0.322581
0
0.465116
0
0.416667
0.327869
0
0
0
0.512821
0
0
0.108696
0.0961538
0.327869
0
0.11236
0
0
0.111111
0.0519481
0.333333
0
0
0
0.110497
0.350877
0.425532
0.425532
0.185185
0.416667
0.285714
0.2
0.377358
0
0
0.425532
0
0
0.175439
0
0.31746
0.434783
0.114943
0
0.3125
0
0.2
0
0.425532
0.327869
0.344828
0
0.425532
0
0.327869
0.178571
0
0.31746
0.350877
0.338983
0
0.185185
0.185185
0
0
0
0
0.425532
0
0
0
0.363636
0
0
0.322581
0
0.416667
0.125
0.285714
0.377358
0
0.196078
0
0.0869565
0.125786
0
0.298507
0.31746
0.425532
0
0
0.344828
0
0.416667
0
0
0
0
0.0840336
0.344828
0.185185
0.377358
0
0.188679
0.196078
0
0.322581
0.8
0
0.0869565
0
0.289855
0.540541
0
0
0
0.0840336
0
0.166667
0
0
0.0934579
0
0.338983
0
0.0749064
0
0.110497
0
0.392157
0.106952
0.392157
0
0.392157
0.118343
0
0
0.392157
0
0
0.4
0
0
0.714286
0.188679
0
0
0
0.0917431
0
0
0
0
0.127389
0
0.181818
0.178571
0
0.0840336
0.37037
0
0.425532
0.0847458
0
0.4
0.16129
0.2
0
0
0
0
0.392157
0
0.408163
0
0.185185
0
0
0.408163
0
0.105263
0
0.140845
0
0.3125
0.0833333
0.121212
0.122699
0.12987
0
0.357143
0
0
0
0
0.121212
0
0.0696864
0
0.416667
0
0
0
0.425532
0
0
0
0
0
0
0
0
0
0.0386847
0.444444
0
0.377358
0.0980392
0.0900901
0
0
0
0
0
0
0
0
0
0.0909091
0
0.425532
0
0
0.116959
0
0.416667
0.425532
0.408163
0
0
0
0.0655738
0.384615
0.377358
0.384615
0.357143
0
0
0
0.434783
0
0.444444
0.116279
0.185185
0
0.377358
0
0
0.425532
0
0.122699
0.377358
0.196078
0
0
0.0862069
0
0.0892857
0.444444
0.125
0.384615
0.363636
0.425532
0
0
0
0
0
0
0
0
0.37037
0
0
0.128205
0
0.116279
0
0
0.4
0
0.0934579
0.37037
0
0
0.37037
0
0.0917431
0.120482
0
0
0
0.204082
0
0
0.425532
0.0740741
0.0909091
0
0
0
0.416667
0
0
0.192308
0
0.425532
0.363636
0
0.392157
0.416667
0.416667
0.0588235
0
0
0.122699
0.338983
0
0.0952381
0
0.377358
0
0.1
0.127389
0.363636
0
0.377358
0
0
0
0
0
0.175439
0.425532
0.392157
0.0724638
0.4
0.208333
0.408163
0
0
0
0.384615
0.37037
0
0.0529101
0
0
0.392157
0
0.425532
0.127389
0.0749064
0
0.377358
0.377358
0
0
0
0.128205
0.434783
0.425532
0.196078
0
0
0
0.425532
0
0.0943396
0.122699
0
0.185185
0.37037
0.571429
0.0409836
0.192308
0
0
0.128205
0
0.384615
0
0.425532
0
0
0.384615
0.0769231
0.4
0.196078
0
0.425532
0
0.0763359
0
0.416667
0
0.0917431
0
0.192308
0.121212
0.125
0
0
0
0
0
0.416667
0
0
0.208333
0
0.123457
0
0
0
0.125
0.434783
0.425532
0
0.4
0
0
0.0925926
0
0.178571
0
0.4
0.425532
0.0925926
0
0
0
0
0.128205
0
0
0.0763359
0.106952
0
0.2
0.425532
0.416667
0
0
0
0.119048
0.127389
0
0.377358
0
0
0.425532
0.425532
0.125
0.1
0
0
0
0
0.425532
0.130719
0.408163
0.425532
0
0.384615
0
0.0666667
0
0
0.121212
0
0.408163
0
0
0
0
0.425532
0.204082
0.121212
0.425532
0.128205
0
0.185185
0
0.338983
0
0
0.0934579
0
0.075188
0.204082
0
0.188679
0
0
0.392157
0.4
0.377358
0.196078
0.125
0.133333
0.192308
0.075188
0
0.384615
0
0.425532
0.4
0
0
0.526316
0.377358
0
0
0.12987
0
0.425532
0.444444
0.392157
0
0
0
0
0.0980392
0
0
0
0.192308
0.133333
0.0544959
0.425532
0.204082
0.0760456
0
0.130719
0.130719
0.416667
0.133333
0
0.133333
0.208333
0.37037
0
0
0
0
0.188679
0.425532
0
0.12987
0
0
0.0961538
0.128205
0.0487805
0
0.0784314
0.416667
0
0.204082
0.130719
0.425532
0.425532
0.416667
0
0.0790514
0
0
0
0.133333
0.425532
0
0
0.127389
0
0.0645161
0
0
0
0.425532
0
0.37037
0
0.408163
0
0
0.37037
0.133333
0
0.425532
0
0.408163
0.363636
0.127389
0.0434783
0
0.122699
0.425532
0.0558659
0
0
0.425532
0.0952381
0.2
0
0.128205
0.0769231
0
0
0
0
0.127389
0.425532
0.425532
0.127389
0.1
0.425532
0.408163
0.434783
0.425532
0.384615
0.740741
0
0
0.133333
0
0
0
0.425532
0.196078
0.130719
0
0.196078
0
0
0
0
1.66667
0
0
0.4
0.425532
0.425532
0
0.135135
0.425532
0
0
0.416667
0.408163
0.425532
0
0
0.425532
0.077821
0.425532
0.078125
0.416667
0.196078
0
0
0
0.4
0
0
0
0
0.4
0
0.208333
0.136054
0.384615
0.425532
0
0
0.196078
0.4
0.0990099
0
0
0.4
0
0
0.392157
0
0.128205
0
0
0
0.4
0
0
0
0.408163
0
0.192308
0.127389
0
0
0.138889
0.0952381
0.425532
0.425532
0
0.392157
0
0
0.0980392
0
0
0
0.425532
0
0
0.0793651
0.425532
0
0
0
0
0
0.130719
0.392157
0.12987
0.425532
0.0653595
0.0784314
0.425532
0
0
0
0
0.408163
0.4
0.4
0.425532
0
0.408163
0
0.416667
0
0.425532
0.0990099
0.425532
0.425532
0
0.4
0
0.425532
0.555556
0.425532
0
0.425532
0.4
0.4
0
0.425532
0.454545
0.425532
0.0746269
0
0.4
0.204082
0.196078
0.425532
0
0
0.2
0
0
0.465116
0.128205
0.408163
0.4
0.13245
0
0
0
0.416667
0
0.1
0
0.425532
0
0
0.140845
0.133333
0.425532
0
0.125
0.196078
0.416667
0
0
0.0961538
0.425532
0.13245
0
0.408163
0.384615
0.425532
0.0990099
0
0
0.077821
0
0.392157
0
0.408163
0.13245
0.408163
0.0784314
0
0.465116
0.408163
0
0
0.135135
0
0.408163
0.204082
0.125
0.0943396
0
0
0
0
0.425532
0.133333
0.416667
0.133333
0.645161
0.392157
0
0.392157
0.136054
0
0.133333
0.133333
0
0.0645161
0
0
0.2
0
0.408163
0.133333
0.196078
0
0
0
0
0.416667
0
0
0
0
0
0.363636
0.13245
0.133333
0.408163
0.425532
0
0
0
0
0.13245
0.10101
0.425532
0
0
0.4
0.137931
0
0.4
0.408163
0.0806452
0.425532
0.425532
0
0
0
0.425532
0
0.2
0.425532
0.425532
0
0
0
0.13245
0
0.127389
0.0990099
0.408163
0
0.08
0.425532
0.0961538
0
0
0
0
0
0.185185
0
0.127389
0
0.0990099
0.0790514
0.4
0
0.454545
0
0
0
0
0.425532
0
0
0.133333
0
0.425532
0
0
0
0.425532
0
0.416667
0
0
0.425532
0
0
0
0
0.137931
0.434783
0.408163
0
0
0.08
0
0
0.204082
0
0.188679
0.2
0.425532
0.4
0.416667
0.408163
0.425532
0.4
0
0.2
0
0
0
0
0
0
0
0
0.133333
0.1
0.444444
0
0
0
0.1
0
0.408163
0
0
0.425532
0.425532
0
0.133333
0.425532
0.416667
0.204082
0.465116
0
0
0
0.0653595
0.37037
0.416667
0.425532
0
0.425532
0.425532
0.192308
0.4
0.952381
0.425532
0.0990099
0
0.408163
0
0.425532
0.392157
0.425532
0
0.4
0
0.10101
0
0
0
0
0
0
0.434783
0.135135
0
0
0.434783
0
0
0.425532
0
0
0
0
0.408163
0.425532
0
0
0
0.2
0
0.2
0.204082
0.444444
0
0.425532
0.425532
0.416667
0
0
0.425532
0.0446429
0
0.204082
0.4
0.408163
0.253165
0
0
0.13245
0.204082
0
0.408163
0
0
0
0.135135
0.425532
0.416667
0
0
0
0
0
0.425532
0
0
0.0784314
0.416667
0.425532
0.4
0
0
0
0
0.408163
0.4
0.222222
0.425532
0.133333
0.454545
0.0806452
0.13245
0
0
0
0.4
0
0.10101
0
0
0.425532
0
0.137931
0
0
0
0
0
0
0
0.425532
0.0790514
0
0
0.425532
0.204082
0.425532
0.0566572
0
0
0.487805
0.4
0.434783
0.425532
0.408163
0.416667
0.135135
0.0566572
0
0
0.140845
0.0813008
0.103093
0
0.425532
0.408163
0.425532
0
0.0793651
0.416667
0.444444
0.0569801
0.1
0
0.416667
0.0784314
0
0
0
0
0.416667
0.208333
0.37037
0.526316
0.425532
0
0.408163
0
0.425532
0
0.133333
0
0.135135
0.425532
0
0
0.408163
0
0
0
0
0.416667
0.208333
0.512821
0.425532
0.10101
0.204082
0
0
0
0
0
0.0796813
0.4
0
0.408163
0.425532
0.4
0.425532
0.425532
0
0
0.425532
0
0.444444
0.434783
0.408163
0
0
0
0.204082
0.10101
0
0
0.103093
0
0.0490196
0
0
0
0.416667
0.10101
0
0
0.0809717
0
0
0.137931
0
0.0990099
0
0.425532
0.31746
0.416667
0.425532
0
0.0980392
0
0
0
0
0
0.136054
0
0.416667
0.204082
0.08
0.0574713
0.135135
0.0990099
0.425532
0.4
0
0
0
0
0.136054
0
0
0
0.425532
0
0.13245
0
0.408163
0.408163
0.408163
0.408163
0.0813008
0.425532
0
0
0.425532
0
0.10101
0.208333
0
0
0.208333
0
0.425532
0.0816327
0.408163
0.10101
0.425532
0.408163
0.08
0
0.0790514
0.135135
0
0.392157
0.425532
0
0
0
0
0
0.133333
0.408163
0
0
0.416667
0
0
0
0
0.1
0.2
0.204082
0
0
0
0
0
0.425532
0.408163
0.425532
0.0796813
0.444444
0
0.1
0.416667
0.137931
0
0.0680272
0.204082
0.136054
0.136054
0.425532
0
0
0
0.425532
0.425532
0
0.0806452
0.425532
0
0
0
0.425532
0.416667
0
0
0
0.425532
0.425532
0
0
0.425532
0.0816327
0
0
0.425532
0.425532
0.425532
0
0
0.408163
0
0
0.204082
0
0.138889
0.416667
0.204082
0
0.4
0.392157
0
0.416667
0
0.204082
0.416667
0.425532
0.0813008
0.204082
0
0
3.33333
0
0
0.0796813
0.377358
0
0
0
0.434783
0.135135
0.416667
0.408163
0
0
0
0
0.102041
0
0.0578035
0.137931
0.204082
0
0.137931
0.10101
0
0
0.10101
0
0.425532
0.645161
0
0.408163
0.425532
0
0.136054
0
0
0.425532
0.571429
0.0557103
0
0
0.1
0
0.135135
0.408163
0.0790514
0.0680272
0.212766
0
0
0.416667
0
0.204082
0.0816327
0
0.408163
0
0
0
0.212766
0.416667
0
0
0.384615
0.425532
0.196078
0.416667
0
0
0
0
0.425532
0.425532
0
0.425532
0.135135
0
0
0.4
0.333333
0
0
0.416667
0.425532
0
0.425532
0
0.425532
2.85714
0
0.1
0.425532
0
0.425532
0
0
0.196078
0
0
0.151515
0
0.2
0
0.204082
0.37037
0.408163
0
0.425532
0
0.212766
0.416667
0.425532
0
0.425532
0.416667
0
0.425532
0
0.13245
0.434783
0.384615
0
0
0.2
0
0.425532
0.102041
0
0.208333
0
0.0666667
0
0.434783
0.133333
0
0
0
0.0571429
0.425532
0
0
0
0
0.0666667
0
0.444444
0.10101
0.204082
0.416667
0.454545
0
0.363636
0.434783
0
0.135135
0.416667
0
0.0809717
0.136054
0.137931
0
0
0
0
0
0.425532
0.425532
0.416667
0.416667
0.408163
0
0
0.425532
0
0.416667
0
0.425532
0
0.204082
0
0.057971
0.408163
0
0.0310078
0.408163
0.425532
0.425532
0
0.208333
0
0
0
0.08
0.425532
0.408163
0
0
0
0.10101
0.408163
0.425532
0.0578035
0.645161
0
0.425532
0.102041
0.102041
0
0.416667
0.384615
0
0.0813008
0
0.425532
0.0680272
0
0.136054
0
0
0
0
0
0.416667
0
0.425532
0.135135
0.338983
0.425532
0
0
0.487805
0.136054
0
0
0.058309
0.425532
0.135135
0
0.408163
0.425532
0
0
0.102041
0.416667
0
0.102041
0
0.204082
0
0.416667
0.408163
0
0
0.416667
0.204082
0.2
0
0
0.434783
0
0.133333
0
0.416667
0.425532
0
0.208333
0.444444
0.47619
0
0
0.10101
0
0
0.0589971
0
0
0
0.135135
0.425532
0.434783
0
0
0
0.425532
0
0.135135
0
0.416667
0.0680272
0
0
0.425532
0.133333
0.136054
0
0
0.425532
0.408163
0.425532
0.425532
0
0
0.425532
0
0.0507614
0
0
0.425532
1.25
0
0
0
0.102041
0
0
0.416667
0.0510204
0
0
0.208333
0.212766
0.425532
0
0.204082
0.425532
0
0.135135
0
0.103093
0.127389
0
0.0571429
0.416667
0
0.4
0
0.416667
0
0.363636
0
0.08
0
0.0574713
0
0.425532
0
0
0
0.0684932
0.425532
0.416667
0.208333
0.408163
0
0
0
0
0.057971
0.0446429
0.425532
0.0671141
0
0.425532
0.204082
0.416667
0.408163
0
0.425532
0
0.102041
0.416667
0
0.204082
0.0813008
0.526316
0.425532
0.416667
0.425532
0.416667
0.136054
0.208333
0.0568182
0
0
0.103093
0
0.425532
0.434783
0.444444
0
0
0.357143
0.425532
0.416667
0.377358
0.434783
0
0.425532
0
0.408163
0
0.204082
0.0816327
0
0
0
0.136054
0.416667
0
0
0.204082
0
0
0
0
0.425532
0.408163
0
0
0.487805
0
0.0507614
0
0
0
0.425532
0.425532
0.444444
0
0.444444
0.425532
0
0
0
0.425532
0
0.416667
0.3125
0.136054
0
0.3125
0.425532
0.102041
0.444444
0
0.425532
0.416667
0.0793651
0.408163
0
0.0369004
0.425532
0
0.0806452
0.204082
0.416667
0
0.425532
0
0.2
0
0
0
0
0
0
0.454545
0
0
0
0
0
0.204082
0
0
0
0.425532
0
0
0
0.045045
0.285714
0
0
0
0
0.204082
0.102041
0.444444
0
0
0.392157
0.102041
0.416667
0
0
0
0.0816327
1.17647
0.425532
0
0.135135
0.135135
0.425532
0
0
0
0
0
0
0
0.425532
0
0.425532
0
0.0680272
0.425532
0
0.425532
0.208333
0.425532
0
0
0.102041
0.136054
0
0
0
0
0.058651
0
0.512821
0.425532
0
0
0.135135
0
0.425532
0.434783
0.0816327
0.416667
0.425532
0
0
0.425532
0
0.416667
0
0
0
0
0.363636
0
0.434783
0.408163
0.204082
0
0.0809717
0
0
0.425532
0.444444
0
0.425532
0
0
0
0.425532
0.434783
0.363636
0.833333
0.425532
0
0.0816327
0
0.425532
0
0
0.0843882
0.625
0.5
0
0.392157
0
0
0.408163
0.104167
0
0.416667
0
0
0.416667
0
0.136054
0
0
0.416667
0
0.363636
0.416667
0.416667
0
0
0.416667
0.416667
0.204082
0.4
0
0
0
0
0.416667
0.0666667
0
0
0.416667
0.425532
0.416667
0
0.138889
0
0
0.425532
0
0.408163
0.425532
0
0.465116
0.0453515
0.344828
0.102041
0.392157
0
0.425532
0
0.137931
0.526316
0
0
0
0.8
0.425532
0.0515464
0
0.136054
0
0
0.204082
0
0
0
0
0.416667
0.204082
0
0.425532
0.425532
0
0
0.408163
0.0826446
0.137931
0.0813008
0
0
0.416667
0
0
0.208333
0.10101
0.425532
0.344828
0.434783
0
0.425532
0.416667
0
0
0
0
0
0.416667
0.5
0.0813008
0.416667
0.0816327
0
0
0.0680272
0.208333
0.425532
0.416667
0
0
0
0.0581395
0.416667
0.137931
0.425532
0
0.102041
0.0816327
0
0.0826446
0
0.425532
0
0.10101
0
0
0
0.425532
0
0.408163
0
0
0.408163
0.416667
0
0.416667
0.425532
0.135135
0.425532
0
0.0505051
0
0
0
0.37037
0
0
0.102041
0.444444
0
0
0
0
0.416667
0.0813008
0.416667
0.416667
0
0.425532
0
0
0
0
0.425532
0.137931
0
0
0
0.416667
0.416667
0
0
0
0
0.363636
0
0.416667
0.0816327
0.416667
0
0.137931
0
0.425532
0
0.188679
0.416667
0.137931
0
0
0
0
0
0
0
0
0
0.416667
0
0
0
0.208333
0.416667
0.416667
0.416667
0.416667
0.058309
0.208333
0.425532
0.4
0
0.136054
0
0.392157
0.408163
0
0.137931
0.416667
0.135135
0
0.425532
0
0.0515464
0.425532
0.416667
0
0
0
0.0581395
0
0.425532
0.0684932
0
0.416667
0
0.4
0.0505051
0
0.434783
0.416667
0
0.125786
0.102041
0.425532
0.425532
0
0.137931
0.0458716
0.425532
0.425532
0.425532
0.416667
0
0.416667
0.416667
0.952381
0.425532
0.416667
0
0.103093
0
0
0
0.416667
0.204082
0.425532
3.33333
0
0.416667
0.175439
0
0
0
0
0
0
0.28169
0.425532
0
0.425532
0.434783
0.425532
0.425532
0
0.408163
0.0826446
0.425532
0
0
0
0.137931
0.136054
0
0.0809717
0
0
0.188679
0.0680272
0.136054
0.172414
0
0.137931
0.416667
0.344828
0.416667
0
0.058309
0.0680272
0.0806452
0.0680272
0
0.208333
0.416667
0
0.208333
0
0.208333
0.137931
0
0
0
0.37037
0
0.121212
0.425532
0
0.377358
0.425532
0
0
0.102041
0
0
0.204082
0
0.625
0
0
0.434783
0.0816327
0
0.416667
0.425532
0.322581
0.416667
0.666667
0.425532
0
0.416667
0
0
0
0
0.425532
0
0.444444
0
0
0
0
0.135135
0.416667
0.416667
0.0684932
0
0
0
0.102041
0.0578035
0.416667
0.47619
0
0.416667
0
0.204082
0
0.606061
0.13245
0
0
0.0574713
0.425532
0.425532
0.416667
0.0823045
0
0.137931
0
0.434783
0.208333
0.425532
0.138889
0.425532
0.137931
0
0.416667
0
0
0.416667
0.196078
0.425532
0
0
0.416667
0
0.204082
0
0.425532
0
0.425532
0
0.0576369
0
0.232558
0
0
0.208333
0.425532
0.416667
0
0.103093
0.408163
0
0.208333
0.416667
0.102041
0
0
0.151515
0
0.204082
0.416667
0.416667
0.129032
0.0913242
0.0806452
0.344828
0
0.425532
0.425532
0.392157
0.135135
0.416667
0.425532
0
0.0816327
0
0.10101
0
0
0
0
0.322581
0.425532
0.425532
0.425532
0.434783
0.425532
0
0
0.37037
0.425532
0.434783
0
0.136054
0.416667
0
0.057971
0.0813008
0
0
0.384615
0
0
0
0
0.0816327
0
0.425532
0
0
0.425532
0.136054
0.185185
0.217391
0.416667
0.425532
0.425532
0.444444
0.416667
0
0
0
0
0.425532
0.137931
0.058651
0.28169
0
0.444444
0.416667
0.425532
0.425532
0.208333
0.434783
0
0
0
0
0.0816327
0
0
0.425532
0
0.425532
0.136054
0.363636
0
0.0829876
0.408163
0.204082
0.377358
0.434783
0.425532
0.137931
0
0.0591716
0
0
0.425532
0
0
0
0
0.909091
0
0
0
0.416667
0.425532
0
0.181818
0.425532
0.425532
0.425532
0
0.0591716
0.425532
0.208333
0
0.138889
0
0
0.425532
0
0
0.416667
0.232558
0.425532
0.425532
0
0.416667
0.208333
0
0
0.416667
0.434783
0
2.5
0
0
0
0
0.0680272
0
0.204082
0.138889
0.425532
0
0.425532
0.425532
0.425532
0
0
0
0.425532
0.425532
0
0.425532
0
0
0.103093
0.208333
0
0.416667
0.425532
0.138889
0.137931
0.338983
0.0680272
0.425532
0
0.416667
0.103093
0.138889
0.416667
0
0.0510204
0
0
0
0.465116
0.136054
0
0.416667
0.217391
0.392157
0.208333
0.057971
0
0.298507
0
0.425532
0.416667
0
0.425532
0.208333
0
0.425532
0.104167
0.058651
0.138889
0.208333
0
0
0.138889
0.212766
0
0.487805
0
0
0
0.689655
0.208333
0.425532
0.416667
0.416667
0
0.136054
0.408163
0.434783
0
0.769231
0.416667
0.425532
0
0.208333
0
0.208333
0.0680272
0.425532
0.102041
0
0.138889
0
0.0816327
0
0.425532
0.1
0.392157
0
0
0.434783
0.416667
0.425532
0.416667
0.416667
0.444444
0.425532
0.208333
0.058309
0
0
0
0.208333
0.058651
0.416667
1.11111
0.135135
0.0809717
0
0
0.434783
0
0.208333
0.425532
0.137931
0.425532
0.434783
0
0
0.208333
0.344828
0
0.0684932
0
0
0.058309
0.416667
0
0
0.363636
0.444444
0.208333
0
0
0.416667
0.645161
0.465116
0.338983
0
0
0
0
0.0453515
0.28169
0.434783
0.204082
0.135135
0.208333
0.138889
0.416667
0.416667
0
0
0.141844
0.425532
0
0
0
0
0.212766
0.0823045
0.416667
0.416667
0.416667
0.208333
0.425532
0.135135
0
0
0
0.416667
0.136054
0
0.103093
0.425532
0
0
0.47619
0.425532
0.0823045
0.136054
0
0
0
0
0.103093
0
0.416667
0.416667
0.425532
0
0.416667
0.425532
0.229885
0
0
0.208333
0.138889
0.408163
0.425532
0
0.416667
0
0.208333
0
0.208333
0
0
0
0
0
1.11111
0.21978
0
0
0
0.416667
0
0.0816327
0.136054
0.425532
0.103093
0.30303
0.0823045
0
0
0.416667
0.425532
0
0
0
0
0.208333
0.13245
0
0
0.425532
0.416667
0
0
0.0671141
0.416667
0.416667
0.0823045
0.425532
0
0.434783
0
1.33333
0
0
0.416667
0.425532
0.425532
0
0.392157
0.103093
0.425532
0
0.416667
0
0.416667
0
0.384615
0.15873
0
0.0507614
0.0826446
0.416667
0
0.294118
0.137931
0
0.37037
0.425532
0.416667
0.137931
0.103093
0
0
0.425532
0.103093
0.138889
0
0
0
0.208333
0.350877
0
0.208333
0
0.416667
0
0
0.425532
0
0.0938967
0.434783
0.392157
0
0.689655
0.425532
0.208333
0.425532
0
0.416667
0
0.425532
0
0
0.416667
0
0
0
0.416667
0
0.425532
0.0588235
0
0
0
0
0.425532
0
0.416667
0.102041
0.425532
0
0.212766
0.102041
0.138889
0.416667
0.4
0.0840336
0
0.425532
0.137931
0.103093
0
0.416667
0
0
0.425532
0.416667
0.0347222
0.425532
0
0
0.10989
0
0.136054
0.204082
0.0684932
0.444444
0.137931
0.0826446
0.057971
0
0
0.384615
0.0600601
0
0
0.425532
0.137931
0.384615
0.425532
0
0.208333
0.0816327
0.444444
1.17647
0.425532
0
0.208333
0
0.0823045
0
0.0684932
0
0.045045
0.425532
0
0.425532
0.212766
0.103093
0.408163
0.416667
0
0
0
0
0.416667
0
0.137931
0.208333
2.5
0.4
0
0.102041
0
0.208333
0.425532
0
0.135135
0.0588235
0.425532
0.102041
0.137931
0.204082
0
0.37037
0.416667
0.425532
0.0746269
0
0
0.425532
0.769231
0.416667
0.416667
0
0.0809717
0
0.425532
0.425532
0.434783
0.425532
0.137931
0.416667
0
0
0.408163
0.208333
0.103093
0.416667
0.425532
0.425532
0.103093
0
0
0
0
0
0
0
0
0
0.0826446
0
0.0816327
0
0
0.136054
0.425532
0.208333
0
0
0.208333
0
0.526316
0
0
0
0
0
0.416667
0.377358
0
0.137931
0.10101
0.416667
0.425532
0.103093
0
0.392157
0
0.416667
0.434783
0.0796813
0.425532
0.137931
0.425532
0.138889
0.172414
0.465116
0
0.425532
0
0
0
0.425532
0.425532
0
0
0
0.416667
0.425532
0.141844
0.37037
0.416667
0.434783
0.416667
0.425532
0.0823045
0
0.425532
0.416667
0
0.0458716
0
0
0.37037
0
0
0.425532
0
0.425532
0.0512821
0.416667
0.0526316
0.0588235
0
0
0
0
0.4
0
0.136054
0
0.208333
0.0829876
0
0
0.408163
0
0
0.208333
0.425532
0.4
0
0
0
0
0
0.0826446
0.425532
0
0
0.416667
0.444444
0.0823045
0.0829876
0.0833333
0.416667
0
0.425532
0.425532
0.0823045
0
0.425532
0
0.392157
0.425532
0
0.4
0.0816327
0
0.212766
0.416667
0.212766
0
0
0.298507
0.208333
0.425532
0.416667
0.425532
0.425532
0.103093
0
0.408163
0.4
2.5
0.425532
0.138889
0
0.138889
0.425532
0
0.350877
0.208333
0.0520833
0
0
0.208333
0.208333
0.645161
0.425532
0.357143
0.425532
0.425532
0
0
0
0.0408163
0.434783
0.0826446
0.416667
0.416667
0.425532
0.454545
0
0.137931
0
0.104167
0.212766
0.425532
0
0
0
0.425532
0.107527
0
0.208333
0.425532
0.208333
0
0
0
0.136054
0.425532
0.377358
0
0.294118
0.425532
0.434783
0.137931
0
0.425532
0
0.0512821
0.138889
0.416667
0
0.0823045
0
0
0.105263
0.416667
0.408163
0
0.212766
0
0
0
0.104167
0
0
0.102041
0
0.058651
0.416667
0
0
0.208333
0
0.408163
0.0829876
0
0.416667
0
0.408163
0.104167
0.416667
0
0.212766
0.714286
0
0.103093
0.138889
0
0.425532
0.425532
0.4
0
0.425532
0
0.425532
0.416667
0
0.0680272
0
0.143885
0
0.425532
0.425532
0
0.425532
0.0823045
0
0.208333
0
0.0829876
0.425532
0
0
0.4
0
0.103093
0.416667
0.4
0.058651
0
0
0
0
0
0.408163
0.392157
0.0455581
0.102041
0.425532
0
0.425532
0
0.416667
0.137931
0.0680272
0.208333
0
0.0829876
0.102041
0.208333
0.425532
0.0823045
0
0.425532
0
0.408163
0
0.416667
0
0.0813008
0.425532
0
0.12987
0
0.425532
0
0.243902
0
0
0.103093
0.208333
0
0
0.444444
0
0
0
0.13245
0.208333
0.0588235
0
0.0823045
0.137931
0.0512821
0
0.0826446
0.416667
0
0.204082
0
0.192308
0
0.425532
0.425532
0.208333
0.138889
0.434783
0.0790514
0.425532
0.425532
0.208333
0
0.416667
0
0
0.102041
0.127389
0
0
0
0.137931
0.416667
1.11111
0.208333
0.487805
0
0
0.425532
0.425532
0
0.425532
0.137931
0
0
0.3125
0.416667
0.416667
0.425532
0
0
0.425532
0.425532
0
0
0
0
0.425532
0.0990099
0.392157
0
0.0826446
0
0
0
0
0.416667
0.425532
0.0829876
0
0.137931
0
0.0829876
0.588235
0.137931
0.138889
0.416667
0.416667
0.4
0
0
0.0588235
0.425532
0
0
0.416667
0.0680272
0.689655
0
0.425532
0.0684932
0
0.208333
0.13245
0.425532
0
0
0
0.137931
0.408163
0
0
0
0.425532
0.212766
0.103093
0.0684932
0
0.0680272
0.408163
0.434783
0
0.416667
0.0754717
0
0.416667
0.425532
0
0.208333
0.425532
0.128205
0.208333
0.434783
0
0.0826446
0.392157
0.0823045
0.444444
0.425532
0
0
0
0.425532
0.425532
0
0.416667
0.416667
0
0
0
0.138889
0.0826446
0.357143
0
0
1.05263
0
0
0
0
0.0694444
0.425532
0
0
0
0.0660066
0.21978
0.10989
0.0816327
0.103093
0
0.416667
0.377358
0
0.138889
0.416667
0.208333
0.425532
0.137931
0.425532
0.0851064
0
0.0409836
0.425532
0.416667
0.425532
0
0
0.208333
0
0.13245
0.103093
0.425532
0.416667
0.444444
0
0
0.338983
0.103093
0
0.454545
0.0826446
0.425532
0
0
0.425532
0.208333
0.47619
0
0.425532
0.208333
0
0.208333
0.1
0
0.416667
0.208333
0
0
0.102041
0.425532
0.555556
0
0.416667
0.208333
0.133333
0.416667
0.0666667
0
0
0.107527
0
0.212766
0.357143
0
0
0.425532
0.119048
0
0.102041
0.169492
0.0826446
0.416667
0.0588235
0.392157
0.425532
0
0
0
0.425532
0
0.425532
0.136054
0.434783
0.425532
0.0816327
0
0.425532
0.425532
0
0
0.103093
0.377358
0.425532
0.208333
0.143885
0.141844
0.425532
0.425532
0.298507
0.425532
0.425532
0.416667
0.102041
0
0.363636
0
0.208333
0
0.196078
0.416667
0.103093
0.425532
0
0.425532
0.416667
0
0.204082
0.434783
0.416667
0.208333
0.416667
0.2
0.425532
0.137931
0
0.425532
0.138889
0
0.103093
0
0.192308
0.196078
0.208333
0
0
0
0
0
0.425532
0.425532
0.425532
0.434783
0.344828
0
0.204082
0
0.434783
0.123457
0.392157
0.416667
0
0.103093
0.0507614
0
0.425532
0.408163
0.104167
0.25974
0.425532
0.208333
0.416667
0.208333
0.416667
0
0.425532
0.425532
0
0.416667
0.425532
0
0.0833333
0
0.425532
0
0.416667
0.425532
0.487805
0.416667
0
0
0.425532
0.0502513
0.151515
0.487805
0
0.425532
0.425532
0.140845
0.425532
0
0.0684932
0.425532
0
0.208333
0.434783
0.138889
0
0.416667
0
0.425532
0.416667
0.425532
0
0
0.4
0.416667
0.141844
0.416667
0
0.0606061
0
0.425532
0
0.363636
0
0.425532
0.12987
0
0
0.416667
0
0.104167
0.416667
0
0
0
0.0684932
0.425532
0
0.208333
0.357143
0.416667
0.425532
0.0829876
0
0
0.138889
0.208333
0.208333
0.416667
0
0.0840336
0
1.05263
0.425532
0
0.357143
0.137931
0
0
0
0.0775194
0
0
0
0.425532
0.416667
0.058651
0.0829876
0.425532
0
0.333333
0
0
0.0615385
0
0.416667
0
0.416667
0.0943396
0
0.103093
0.208333
0
0.425532
0.0990099
0.208333
0.137931
0
0.425532
0.416667
0.425532
0.137931
0
0.104167
0.425532
0.4
0.454545
0.0877193
0.136054
0
0
0.425532
0
0
0.0826446
0.392157
0
0.208333
0
0.138889
0.103093
0.103093
0.208333
0.104167
0.377358
0.137931
0.227273
0.416667
0
0
0.416667
0.0823045
0.333333
0.454545
0.416667
0
0
0
0.135135
0
0.416667
0.434783
0.425532
0.416667
0
0.141844
0
0.208333
0.137931
0
0
0
0.138889
0.0826446
0.137931
0.434783
0.416667
0.0826446
0.208333
0
0.434783
0.137931
0
0.425532
0.357143
0.103093
0.37037
0
0
0
0
0
0.416667
0
0.425532
0
0
0.0823045
0.425532
0.0684932
0.104167
0.487805
0.137931
0
0.425532
0.0589971
0.137931
0.0796813
0.425532
0.425532
0
0.416667
0.208333
0
0.363636
0
0.208333
0
0.0823045
0.425532
0.4
0
0.137931
0.392157
0.425532
0.416667
0
0
0
0
0.137931
0.416667
0
0.377358
0.138889
0.425532
0
0.0823045
0.137931
0.425532
0.0684932
0.416667
0.103093
0
0.363636
0.392157
0.416667
0.425532
0
0.136054
0.208333
0
0.0826446
0.138889
0.103093
0
0.0826446
0.4
0.425532
0
0
0.2
0.416667
0.0593472
0.425532
0.204082
0
0.377358
0.208333
0
0
0
0.0829876
0
0
0.416667
0.416667
0.377358
0.454545
0.425532
0.416667
0
0
0.135135
0.425532
0
0
0.425532
0
0
0
0
0.102041
0
0
0
0
0
0.0680272
0.208333
0.0826446
0
0.416667
0.136054
0
0.487805
0
0.208333
0.0970874
0.425532
0.416667
0
0.217391
0
0.106383
0
0.425532
0.0990099
0
0
0
0.217391
0.138889
0.208333
0.217391
0
0.208333
0.104167
0
0
0
0.137931
0.425532
0
0.425532
0.338983
0.425532
0.408163
0
0.416667
0
0.0884956
0.208333
0
0.4
0.25641
0.104167
0.0515464
0.163934
0
0.425532
0
0.444444
0
0.023753
0
0.0502513
0.140845
0.208333
0
0
0.416667
0.425532
0
0.408163
0.444444
0.138889
0.077821
0.104167
0.137931
0.125786
0.0816327
0.0823045
0.0833333
0
0.416667
0.416667
0.0515464
0.208333
0
0.425532
0
0.0806452
0.0843882
0.138889
0
0.137931
0
0.434783
0.204082
0.104167
1
0.150376
0
0
0.425532
0
0.0515464
0
0.416667
0.454545
0.208333
0
0.425532
0.425532
0
0.138889
0.208333
0.138889
0
0
0
0.102041
0
0.454545
0
0
0.0826446
0.204082
0
0.434783
0.103093
0
0
0.10101
0
0.322581
0.416667
0.425532
0
0.140845
0.625
0
0.208333
0.425532
0.408163
0
0.425532
0
0
0.0589971
0.4
0.425532
0
0
0.425532
0
0.103093
0
0
0.0833333
0
0
0.273973
0
0.106383
0.185185
0.208333
0
0
0.0843882
0.137931
0
0
0.425532
0.137931
0.416667
0
0.338983
0
0
0.425532
0.0453515
0.416667
0
0.540541
0.434783
0.058651
0.222222
0.434783
0.425532
0
0
0.425532
0.185185
0.133333
0
0.416667
0.0569801
0.105263
0.434783
0.138889
0
0.425532
0.058309
0.137931
0.0621118
0.138889
0.425532
0.208333
0.416667
0
0.307692
0
0.137931
0.137931
0
0.0826446
0.425532
0.425532
0.137931
0.0694444
0
0.333333
0.2
0
0
0.4
0.416667
0
0
0
0.47619
0
0.444444
0.137931
0.4
0.392157
0
0
0.119048
0
0.425532
0.137931
0.465116
0.208333
0
0.138889
0.0533333
0.117647
0.327869
0.204082
0.0826446
0.208333
0.208333
0
0
0.416667
0.37037
0.416667
0.0806452
0.204082
0
0
0.307692
0.208333
0
0.138889
0.138889
0.0510204
0.222222
0.208333
0.138889
0.425532
0.425532
0.408163
0.208333
0.0823045
0.208333
0.425532
0
0.0833333
0
0.212766
0
0
0
0
0
0.344828
0
0.444444
0
0
0.434783
0.454545
0
0.425532
0
0
0
0
0
0
0.137931
0.2
0.363636
0
0.416667
0.138889
0
0.444444
0
0.425532
0.416667
0.140845
0
0
0.208333
0.208333
0.208333
0.333333
0.425532
0.425532
0.30303
0
0.204082
0
0.416667
0.5
0.425532
0
0.208333
0
0.416667
0.425532
0
0.425532
0.416667
0.10101
0.137931
0.425532
0.416667
0.408163
0
0.140845
0.143885
0.137931
0
0.425532
0.425532
0.103093
0.208333
0.425532
0.208333
0.416667
0.103093
0.208333
0.425532
0
0.425532
0.425532
0.208333
0.138889
0
0.425532
0
0.425532
0
0.425532
0.137931
0.425532
0
0.277778
0.137931
0.425532
0.204082
0.137931
0.208333
0
0
0.0813008
0.357143
0
0
0.416667
0.137931
0.208333
0.138889
0.0613497
0.136054
0.425532
0
0.416667
0.425532
0.425532
0
0.416667
0
0
0
0.408163
0.416667
0
0.4
0.416667
0.208333
0.204082
0.425532
0.425532
0
0
0.0833333
0.060423
0.338983
0.224719
0.181818
0.208333
0.425532
0.136054
0.0823045
0.0826446
0.425532
0.425532
0.416667
0.25974
0
0
0.137931
0.140845
0
0.425532
0
0.392157
0.425532
0.2
0.425532
0
0
0.425532
0
0.208333
0
0
0.0375235
0.425532
0.416667
0.208333
0.425532
0
0
0.425532
0.137931
0.049505
0
0
0.425532
0.118343
0.512821
0
0.0829876
0.121212
0.103093
0
0
0
0
0
0.357143
0
0.0829876
0.425532
0.0829876
0.425532
0.425532
0
0.384615
0
0
0
0
0.425532
0.102041
0.103093
0
0
0.357143
0
0
0.138889
0
0.208333
0.212766
0.425532
0.208333
0.0757576
0
0.208333
0.137931
0.0490196
0.434783
0.138889
0.138889
0.103093
0.208333
0.425532
0
0.444444
0.392157
0
0.208333
0.208333
0.425532
0.416667
0.425532
0.0823045
0.425532
0.208333
0
0.078125
0
0.425532
0.138889
0
0
0
0.041841
0.4
0.416667
0
0
0.0826446
0.208333
0.425532
0
0
0
0
0.555556
0.416667
0.434783
0
0
0.444444
0.425532
0.37037
0
0
0.434783
0
0.0543478
0.416667
0
0
0.104167
0.408163
0.2
0.0555556
0
0.0823045
0.425532
0
0
0.208333
0
0.3125
0
0
0.416667
0.208333
0.137931
0
0.138889
0.425532
0
0.425532
0.102041
0.425532
0.208333
0.425532
0.47619
0.425532
0.434783
0.0826446
0.0813008
0.138889
0.0829876
0.416667
0
0.425532
0.357143
0.416667
0.425532
0.416667
0
0.408163
0.208333
0.5
0
0.5
0.0826446
0.416667
0.204082
0.136054
0.138889
0
0.0829876
0.425532
0.416667
0
0
0
0.425532
0.425532
0
0
0
0.208333
0.434783
0
0.138889
0.102564
0
0.322581
0.425532
0.0823045
0.37037
0.4
0
0.0833333
0.102041
0
0.425532
0.0840336
0.0809717
0
0
0.434783
0.15873
0
0.425532
0
0.425532
0.392157
0
0
0.0829876
0.222222
0.425532
0.416667
0.425532
0
0
0.425532
0
0
0.28169
0.425532
0.425532
0.103093
0.140845
0
0
0
0
0
0.102041
0.103093
0
0.0809717
0
0
0
0
0
0.298507
0.425532
0.208333
0.103093
0
0
0.31746
0
0.208333
0
0.273973
0
0.235294
0.0829876
0.425532
0.434783
0.363636
0.123457
0.107527
0
0.208333
0.425532
0.141844
0.0829876
0.222222
0.416667
0.425532
0
0
0.416667
0
0
0.208333
0.425532
0.416667
0.4
0.138889
0
0.0589971
0
0
0
0
0.0694444
0
0.425532
0.103093
0.47619
0.425532
0
0.137931
0.425532
0.217391
0
0
0.104167
0.425532
0.0485437
0.192308
0.425532
0
0
0.408163
0.425532
0.416667
0.425532
0.0829876
0.212766
0
0
0
0.384615
0.137931
0.425532
0
0.425532
0.425532
0
0.425532
0.425532
0.208333
0.107527
0.137931
0.416667
0.408163
0.138889
0
0.208333
0
0.137931
0.425532
0
0.425532
0.425532
0.363636
0.425532
0
0.208333
0.137931
0.208333
0.425532
0.138889
0
0.204082
0.425532
0.208333
0.0595238
0
0.425532
0.0865801
0.416667
4
0.425532
0.045977
0
0.0829876
0
0.208333
0.425532
0.425532
0.363636
0
0.208333
0.08
0.137931
0.0680272
0.070922
0.425532
0.425532
0.434783
0
0
0
0.103093
0.425532
0
0.0829876
0.137931
0
0
0.104167
0.425532
0
0.425532
0.689655
0.425532
0.208333
0
0
0.425532
0.148148
0
0.425532
0
0
0.416667
0.425532
0
0.0699301
0
0
0.425532
0.425532
0
0
0.425532
0.425532
0.208333
0.0371058
0.208333
0.208333
0.350877
0
0.425532
0.416667
0.204082
0.714286
0.416667
0.408163
0.138889
0.137931
0.416667
0
0.416667
0.235294
0.434783
0.425532
0
0.0823045
0
0.434783
0
0
0.425532
0.185185
0.416667
2.22222
0
0
0.416667
0.212766
0.408163
0
0.0581395
0.425532
0.208333
0.140845
0.138889
0.384615
0
0.208333
0.141844
0.425532
0.208333
0.27027
0.204082
0
0
0.425532
0.13245
0
0.425532
0
0.208333
0
0.416667
0
0.138889
0.138889
0.434783
0.392157
0
0.0840336
0.425532
0.425532
0
0.104167
0.434783
0
0
0.425532
0.425532
0.416667
0.416667
0
0.425532
0
0
0.0411523
0.444444
0
0.294118
0
1.42857
0.103093
0.425532
0
0.204082
0.434783
0.408163
0
0
0
0.102041
0
0.0684932
0
0.0829876
0.425532
0.416667
0.28169
0.4
0.425532
0.416667
0.208333
0
0
0.416667
0.416667
0.425532
0
0.2
0.208333
0
0.512821
0.416667
0.425532
0.425532
0.137931
0.425532
0
0.425532
0
0.408163
0
0.27027
0
0.138889
0.208333
0.0829876
0.425532
0
0.666667
0.425532
0.208333
0.434783
0
0.140845
0.294118
0.408163
0.434783
0
0.465116
0
0
0.444444
0
0.208333
0
0.208333
0.208333
0.425532
0.0458716
0
0
0.217391
0.0641026
0.208333
0
0
0.425532
0
0.2
0.377358
0
0.416667
0
0.0411523
0
0.416667
0
0
0.526316
0.0829876
0
0.377358
0
0.137931
0.37037
0.425532
0.37037
0.208333
0.434783
0.104167
0.425532
0.384615
0
0.212766
0.130719
0
0
0.425532
0.425532
0.137931
0.416667
0.28169
0
0
0.416667
0.344828
0
0.196078
0.208333
0
0.0823045
0.208333
0.212766
0.104167
0
0
0.208333
0
0.425532
0.0578035
0
0.408163
0
0
0.208333
0
0.425532
0.138889
0
0
0
0.454545
0
0.0515464
0
0.416667
0.208333
0
0.392157
0.103093
0.208333
0.137931
0.142857
0
0.408163
0.416667
0.10101
0
0.30303
0.425532
0.137931
0.138889
0.425532
0.434783
0
0.425532
0.204082
0.416667
0
0.425532
0.0823045
0.0840336
0.142857
0
0.408163
0
0.0684932
0.425532
0.416667
0
0.434783
0.147059
0
0
0.434783
0
0.425532
0.0447427
0.4
0
0.138889
0.0554017
0.0714286
0
0.208333
0
0.425532
0
0.444444
0
0.487805
0.136054
0.263158
0.212766
0
0.0607903
0
0.425532
0.12987
0.416667
0
0.30303
0.425532
0.0826446
0.208333
0.133333
0.666667
0.333333
0.137931
0.392157
0
0.137931
0.425532
0.0591716
0.416667
0.689655
0.425532
0.425532
0.204082
0.425532
0
0.208333
0.384615
0.08
0.0826446
0.425532
0.263158
0.0591716
0.425532
0.434783
0.454545
0.165289
0.425532
0.0829876
0.377358
0.363636
0.140845
0.425532
0.208333
0.277778
0
0.136054
0.25
0.425532
0
0
0.425532
0
0.384615
0.416667
0.208333
0.212766
0
0.425532
0.408163
0.4
0.208333
0.212766
0.227273
0.425532
0.151515
0.434783
0.208333
0.208333
0.408163
0.434783
0.425532
0
0
0.416667
0.208333
0
0.0666667
0.0591716
0.141844
0.425532
0.212766
0
0.425532
0.137931
0.0591716
0
0.137931
0
0
0.140845
0.425532
0.465116
0
0.208333
0.208333
0
0.454545
0.425532
0.425532
0.138889
0
0.208333
0.425532
0.408163
0.0595238
0.138889
0
0.740741
0
0.425532
0.0699301
0
0
0
0.425532
0.0515464
0
0
0.103093
0
0
0.425532
0
0.208333
0.425532
0.137931
0.425532
0
0.425532
0.136054
0.212766
0
0
0.208333
0.104167
0.138889
0.208333
0
0
0.136054
0
0
0.434783
0.425532
0.425532
0.425532
0.136054
0
0
0.137931
0.2
0.408163
0.425532
0.408163
0
0.416667
0.416667
0.208333
0.138889
0.434783
0
0.416667
0.127389
0.425532
0
0.0829876
0.434783
0.416667
0.138889
0.416667
0.192308
0.4
0.416667
0
0.137931
0.138889
0.070922
0.416667
0
0
0.0588235
0.208333
0.0823045
0.208333
0.138889
0
0.444444
0.102041
0
0
0.0589971
0
0.0826446
0.0512821
0.106383
0.4
0.133333
0
0.4
0.454545
0.138889
0.208333
0
0
0.416667
0
0
0.140845
0.416667
0.425532
0.416667
0.138889
0
0
0.408163
0.104167
0
0
0
0
0
0
0.138889
0.137931
0.377358
0
0.0591716
0.208333
0
0
0
0.208333
0
0.425532
0.137931
0.416667
0
0.138889
0.377358
0
0
0.246914
0.111111
0.4
0
0
0.0462963
0
0.408163
0.408163
0
0.10101
0.416667
0.150376
0.425532
0.141844
0
0
0.333333
0.416667
0.172414
0.487805
0.425532
0.104167
0
0.103093
0
0.425532
0.425532
0.0823045
0.208333
0
0.416667
0.285714
0.212766
0.425532
0.138889
0
0.392157
0
0
0.137931
0.135135
0.196078
0.103093
0.434783
0.141844
0.416667
0.465116
0
0
0.425532
0.454545
0.416667
0.444444
0.104167
0.425532
0
0.204082
0.137931
0.416667
0
0.105263
0
0
0.425532
0
0
0.4
0.0829876
0.350877
0.357143
0.0952381
0.425532
0
0.434783
0.322581
0
0.138889
0
0.0961538
0.3125
0.416667
0.434783
0.434783
0
0.425532
0.425532
0
0.416667
0.0531915
0
0.208333
0.070922
0.416667
0
0.0520833
0.208333
0.408163
0.4
0
0.208333
0.138889
0.208333
0
0.136054
0.266667
0.137931
0.425532
0.253165
0.454545
0.416667
0
0.392157
0
0.045977
0.204082
0
0
0.27027
0.416667
0.208333
0.222222
0.2
0.181818
0.212766
0
0.103093
0.0833333
0.188679
0
0.103093
0
0.137931
0.425532
0.120482
0.103093
0
0.408163
0
0.444444
0
0
0.425532
1.05263
0.425532
0.212766
0.0829876
0.0593472
0.138889
0.143885
0.425532
0.204082
0.188679
0.350877
0.13245
0.425532
0.416667
0.16129
0.0816327
0.0829876
0.136054
0.143885
0.21978
0
0.0823045
0.37037
0.425532
0.208333
0.12987
0.0809717
0.137931
0.103093
0.408163
0
0
0.138889
0.0833333
0
0.425532
0.263158
0.454545
0.689655
0
0.0884956
0.425532
0.169492
0.138889
0.425532
0.0512821
0.47619
0
0.425532
0
0.208333
0.140845
0.148148
0.0833333
0.0816327
0.425532
0
0.425532
0.434783
0.425532
0.357143
0.416667
0.425532
0.416667
0.137931
0.47619
0.0833333
0.212766
0
0
0.416667
0.138889
0.208333
0
0.425532
0
0
0.377358
0
0.0458716
0.208333
0.104167
0.0826446
0
0.104167
0.21978
0.408163
0
0.333333
0.344828
0.416667
0.425532
0.151515
0.425532
0.425532
0
0.408163
0.425532
0.208333
0
0.425532
0.425532
0.136054
0.140845
0.212766
0.106383
0.104167
0.377358
0.384615
0
0.408163
0
0.392157
0.425532
0.526316
0.208333
0
0
0.2
0.425532
0.0826446
0.425532
0.0684932
0.408163
0
0
0
0.392157
0.31746
0.425532
0
0
0.204082
0.416667
0.178571
0.465116
0
0.212766
0.425532
0.408163
0
0
0.833333
0
0
0.0823045
0
0.103093
0
0.104167
0
0
0
0.425532
0
0.425532
0.10101
0.0904977
0
0.208333
0
0.408163
0.136054
0
0.425532
0
0.208333
0.208333
0.37037
0.212766
0
0.4
0.416667
0.208333
0.0699301
0.0589971
0.434783
0.377358
0.454545
0.363636
0
0.0515464
0.110497
0.126582
0
0.0694444
0.425532
0.425532
0.212766
0
0.208333
0.10101
0.377358
0.4
0.141844
0.137931
0.103093
0.416667
0.0347222
0.408163
0.416667
0
0.416667
0.138889
0.425532
0.103093
0.425532
0.408163
0.208333
0.0411523
0
0.137931
0.25641
0
0.0813008
0
0
0
0.416667
0.138889
0
0.425532
0.0925926
0
0.434783
0.045977
0
0.322581
0.416667
0.425532
0.0606061
0.425532
0.425532
0.0934579
0.425532
0.138889
0.416667
0.425532
0.137931
0.208333
0
0.416667
0
0.172414
0.208333
0.425532
0
0.0813008
0.208333
0
0.138889
0
0.434783
0.4
0
0
0
0.338983
0
0.294118
0
0.425532
0.104167
0.425532
0.212766
0.208333
0.363636
0.416667
0.141844
0
0.130719
0.416667
0.444444
0
0.127389
0.31746
0.4
0.338983
0.425532
0.344828
0.196078
0.425532
0.0829876
0.149254
0.103093
0
0.434783
0
0.289855
0.408163
0
0
0.208333
0.425532
0.425532
0.416667
0
0.416667
0.434783
0.13245
0
0
0
0
0.045977
0.13986
0.208333
0.0591716
0.208333
0
0.425532
0.434783
0.208333
0
0.416667
0.425532
0.137931
0.425532
0.425532
0.138889
0
0.0591716
0.137931
0
0.425532
0
0.0576369
0.408163
0.384615
0.416667
0
0.425532
0.416667
0.0694444
0.606061
0.298507
0.434783
0.444444
0.103093
0.434783
0.0518135
0
0.045977
0
0
0
0
0
0.425532
0.4
0.0680272
0.425532
0
0
0
0
0
0
0.4
0
0.103093
0.0877193
0
0.416667
0.392157
0.425532
0.103093
0.425532
0
0.2
0
0.740741
0.103093
0
0.434783
0.137931
0.425532
0.327869
0
0
0.425532
0
0
0.0340136
0.416667
0.104167
0.434783
0.0829876
0
0.434783
0.138889
0
0
0
0
0.465116
0.425532
0.425532
0.208333
0.425532
0.408163
0.153846
0.143885
0
0.204082
0
0
0.208333
0.408163
0.294118
0
0
0.31746
0.169492
0
0.408163
0.138889
0
0
0.138889
0.138889
0.416667
0.143885
0
0.0829876
0
0
0.104167
0.434783
0.425532
0.148148
0.137931
0.363636
0
0.425532
0.416667
0.208333
0.416667
0
0
0.10989
0
0.645161
0
0.138889
0.416667
0
0.0829876
0.425532
0
0.392157
0.425532
0.425532
0
0.0809717
0
0.425532
0.204082
0.208333
0.138889
0.425532
0.425532
0.138889
0.425532
0.138889
0.10989
0
0.606061
0.425532
0.425532
0
0
0
0.425532
0.208333
0.102041
0
0.425532
0.104167
0.952381
0.454545
0.138889
0.0719424
0.425532
0
0.425532
0.37037
0.425532
0
0.425532
0
0.136054
0.377358
0.465116
0
0.454545
0.212766
0
20
0.4
0
0
0.208333
0.416667
0.133333
0.425532
0
0.416667
0.384615
0
0.208333
0.425532
0.425532
0
0.416667
0.138889
0.0829876
0.0829876
0
0.425532
0
0.208333
0
0
0.425532
0
0.465116
0
0
0.208333
0.206186
0.425532
0.104167
0
0.425532
0.105263
0
0.208333
0.138889
0
0.217391
0.416667
0
0
0.192308
0.408163
0.2
0.137931
0.392157
0.425532
0.425532
0
0.333333
0.416667
0.104167
0.425532
0.204082
0.434783
0.138889
0.135135
0.137931
0.434783
0.204082
0.425532
0.232558
0
0
0.30303
0
0.204082
0.425532
0.425532
0.138889
0.289855
0
0.138889
0
0
0.208333
0.444444
0.28169
0
0.137931
0
0
0.307692
0
0
0.138889
0.208333
0.204082
0.289855
0.298507
0.416667
0.2
0.425532
0.425532
0.135135
0
0
0.208333
0.444444
0.425532
0.140845
0.425532
0.138889
0.0823045
0.144928
0
0
0.140845
0.208333
0.0829876
0
0.416667
0.425532
0.454545
0
0.425532
0
0
0
0.416667
0
0.425532
0.143885
0
0
0
0.37037
0.2
0.444444
0
0.104167
0.0790514
0
0.208333
0
0.138889
0
0
0.102041
0
0
0.392157
0
0.416667
0.425532
0.425532
0.045977
0.137931
0.208333
0.408163
0.444444
0
0.425532
0.425532
0.102041
0.333333
0.425532
0.133333
0
0.377358
0.425532
0
0.425532
0
0.0833333
0.0858369
0.425532
0.434783
0.425532
0
0
0
0.434783
0
0.425532
0
0.0694444
0.434783
0
0.425532
0.357143
0.0625
0.104167
0.196078
0
0
0.344828
0.434783
1.05263
0.425532
0.416667
0.416667
0.408163
0
0.0943396
0.0925926
0.425532
0
0.104167
0.425532
0.0684932
0.425532
0.137931
0.425532
0.425532
0.425532
0.0896861
0
0
0
0
0.350877
0.147059
0.208333
0.0925926
0.425532
0.408163
0.425532
0
0.425532
0.425532
0
0
0.10101
0
0
0.208333
0.425532
0.425532
0.425532
0.285714
0.138889
0
0
0
0
0.5
0
0.425532
0.128205
0
0.103093
0.434783
0.0833333
0.208333
0
0.425532
0.0990099
1
0.425532
0
0.344828
0.208333
0.425532
0
0.444444
0.357143
0.425532
0.377358
0.2
0
0
0.392157
0.425532
0.425532
0.425532
0.103093
0
0
0.425532
0
0
0.392157
0.37037
0.2
0.416667
0
0
0.104167
0.13245
0
0.0816327
0
0.425532
0.408163
0.204082
0.208333
0.4
0
0
0.425532
0.141844
0.0881057
0
0.4
0
0
0.416667
0.526316
0.0826446
0.217391
0
0.105263
0.444444
0.208333
0
0.273973
0.425532
0
0.103093
0.416667
0
0.0938967
0.246914
0.434783
0.416667
0.0790514
0
0.425532
0.416667
0.350877
0.137931
0.140845
0.425532
0.0816327
0.769231
0
0.425532
0
0.0595238
0.425532
0
0.2
0.425532
0.333333
0
0
0.188679
0.425532
0.425532
0.172414
0.212766
0
0.140845
0.425532
0.425532
0.377358
0.425532
0
0.425532
0.178571
0.416667
0.425532
0.138889
0.140845
0
0.25
0
0
0.232558
0
0.416667
0.208333
0.25641
0
0.204082
0.377358
0.434783
0.384615
0.645161
0.2
0
0
0.416667
0.425532
0.148148
0.137931
0.138889
0
0.408163
0.425532
0
0
0
0.0793651
0.425532
0.416667
0.105263
0.208333
0
0.425532
0.0904977
0
0
0.37037
0.384615
0
0.425532
0.425532
0.454545
0.416667
0.384615
0
0
0.344828
0
0.425532
0
0
0
0.512821
0.425532
0.176991
0.392157
0.0694444
0.434783
0.425532
0.425532
0
0.1
0
0.425532
0.155039
0.333333
0.0826446
0.103093
0.266667
0.0515464
0.0823045
0.454545
0.0588235
0.425532
0
0.444444
0.138889
0.425532
0
0.416667
0
0.4
0.425532
0
0.425532
0
0
0.392157
0
0
0
0.444444
0.0621118
0
0.416667
0.31746
0
0.204082
0.344828
0.0826446
0
0.425532
0.208333
0.140845
0
0.425532
0.425532
0
0
0.434783
0.0833333
0.425532
0.138889
0.208333
0
0.137931
0.208333
0.384615
0.416667
0
0.208333
0
0.416667
0.137931
0
0.434783
0.465116
0
0.232558
0.408163
0.138889
0.465116
0.425532
0.13245
0
0.217391
0.137931
0
0.104167
0.425532
0.27027
0
0.350877
0.425532
0.21978
0.136054
0.294118
0.425532
0.138889
0
0
0.208333
0.4
0
0.444444
0.232558
0.425532
0.0437637
0.141844
0.416667
0
0.512821
0.425532
0.0843882
0
0.0591716
0.208333
0.425532
0.0671141
0.444444
0
0.408163
0.204082
0.425532
0.425532
0.238095
0.384615
0.416667
0
0.140845
0.212766
0
0
0.425532
0
0.392157
0
0.212766
0.416667
0.4
0.104167
0.138889
0.425532
0.208333
0
0.0588235
0.102041
0
0
0.137931
0.625
0.425532
0.434783
0.416667
0.138889
0.151515
0.425532
0.147059
0
0.416667
0.425532
0.0823045
0.150376
0.363636
0
0.135135
0.416667
0
0
0
0.425532
0
0.465116
0.12987
0.15873
0.208333
0.0826446
0
0.175439
0
0
0.0595238
0
0.416667
0.350877
0.135135
0.425532
0.425532
0
0
0.47619
0.2
0.0823045
0.208333
0
0.147059
0.217391
0.4
0.0843882
0.052356
0.212766
0.147059
0
0.425532
0.204082
0
0.208333
0
0.377358
0.425532
0.416667
0.0809717
0.0816327
0
0.30303
0.425532
0.204082
0
0
0.425532
0.0826446
0.416667
0.425532
0
0
0
0
0.138889
0.344828
0.425532
0.178571
0.27027
0
0.357143
0.136054
0
0.416667
0.384615
0.137931
0.425532
0
0.0829876
0
0.196078
0.208333
0.344828
0.25974
0
0.425532
0
0.408163
0.425532
0.425532
0.208333
0.0826446
0.416667
0.425532
0
0.434783
0.204082
0.434783
0
0.571429
0.138889
0.425532
0.425532
0.425532
0.425532
0.141844
0.0813008
0.137931
0
0.434783
0.408163
0.188679
0.425532
0.425532
0.425532
0.4
0.425532
0
0
0
0.350877
0
0
0.416667
0.416667
0
0.138889
0.137931
0.0934579
0.416667
0.137931
0.16129
0.208333
0.416667
0.135135
0.869565
0
0.416667
0.102041
0
0.111111
0
0.425532
0.425532
0
0.434783
0
0.425532
0.204082
0.425532
0
0
0
0.138889
0
0.208333
0
0.416667
0
0
0.392157
0.425532
0.392157
0.444444
0.208333
0.416667
0
0.140845
0.425532
0
0.104167
0.408163
0.136054
0
0
0.208333
0.408163
0.151515
0
0.204082
0.266667
0.425532
0
0
0.425532
0.425532
1.11111
0.869565
0
0.425532
0.212766
0
0.204082
0.416667
0
0.208333
0.425532
0.045045
0.363636
0.425532
0.137931
0
0.138889
0.425532
0.0414938
0
0
0.444444
0.416667
0
0.0600601
0.425532
0
0.138889
0
0
0.143885
0
0.208333
0.0840336
0.121212
0.3125
0.425532
0.363636
0
0.135135
0.2
0.416667
0
0.425532
0
0.181818
0
0.148148
0.425532
0.322581
0
0.425532
0.377358
0.212766
0.253165
0.0823045
0.0684932
0.416667
0.392157
0
0
0
0
0.138889
0.138889
0.208333
0
0
0
0.425532
0
0
0.104167
0.740741
0.104167
0
0.512821
0.425532
0
0.138889
0.208333
0
0.425532
0.408163
0
0.363636
0.37037
0.425532
0.208333
0.425532
0
0.416667
0.416667
0.104167
0.137931
0.0840336
0
0.0826446
0.416667
0
0.416667
0.0858369
0.740741
0
0.0833333
0
0
0
0
0
0.434783
0.425532
0
0
0.425532
0.425532
0
0
0.277778
0
0.106383
0.204082
0.425532
0.416667
0
0.425532
0
0.30303
0.138889
0.425532
0.137931
0
0.425532
0.444444
0.136054
0.408163
0.0515464
0.0823045
0
0
0
0.208333
0.138889
0.408163
0.137931
0.425532
0
0
0.357143
0
0.512821
0.0680272
0.15748
0
0.425532
0
0.416667
0.137931
0.384615
0.155039
0
0.425532
0.208333
0.425532
0.425532
0.147059
0
0.0625
0.0840336
0.0833333
0
0.408163
0.208333
0.0694444
0
0.0694444
0
0
0.416667
0.0666667
0.425532
0.434783
0
0
0.052356
0.425532
0.0589971
0
0.217391
0.192308
0.192308
0.425532
0
0
0
0
0.37037
0.384615
0.289855
0.425532
0.384615
0.208333
0.107527
0.425532
0
0.138889
0.138889
0.0833333
0.266667
0
0.243902
0.444444
0.0833333
0.232558
0
0.2
0
0.333333
0.416667
0.416667
0.212766
0.104167
0.104167
0.416667
0.425532
0.0593472
0.408163
0.138889
0.0416667
0.0628931
0.416667
0.0520833
0.425532
0
0.425532
0.4
0.058309
0.263158
0
0.178571
0.425532
0.333333
0
0.0833333
0.425532
0.392157
0.425532
0.137931
0.196078
0.425532
0.208333
0.0833333
0.0414938
0
0.416667
0.425532
0.273973
0
0.103093
0.425532
0.408163
0.137931
0.204082
0
0.208333
0.392157
0.425532
0.136054
0.142857
0.425532
0.0595238
0.416667
0.416667
0.425532
0.138889
0.425532
0.208333
0
0.1
0.363636
0.416667
0
0.350877
0.0555556
0
0.408163
0.425532
0
0
0.425532
0.217391
0.0833333
0.0766284
0.232558
0.416667
0.416667
0.425532
0.204082
0.138889
0.4
0.425532
0.136054
0.425532
0
0.208333
0.10101
0.138889
0.425532
0.425532
0.137931
0
0
0.141844
0.204082
0
0
0.208333
0.425532
0.425532
0
0.425532
0.425532
0.465116
0.204082
0
0
0.133333
0.425532
0.0826446
0
0
0.114943
0.344828
0.208333
0.188679
0
0
0.416667
0
0.425532
0.425532
0.408163
0.425532
0.425532
0.425532
0.240964
0.208333
0
0.333333
0.425532
0.377358
0
0.208333
0
0.4
0.377358
0.103093
0.408163
0.408163
0.416667
0.138889
0.0694444
0.208333
0.425532
0.408163
0
0
0.212766
0.0829876
0.0833333
0.140845
0.0462963
0.0505051
0.138889
0.425532
0
0
0
0
0.425532
0.196078
0.408163
0.141844
0
0
0.425532
0.425532
0.25641
0.140845
0.273973
0.0829876
0.425532
0
0
0
0
0.136054
0.0568182
0
0.425532
0.208333
0.416667
0.208333
0
0.416667
0.10989
0.425532
0
0.141844
0
0.425532
0
0.425532
0.147059
0
0.307692
0.392157
0.392157
0.344828
0
0.185185
0
0
0.416667
0
0.425532
0.392157
0.425532
0
0
0
0.058309
0.243902
0.104167
0.392157
0
0.408163
0
0.153846
0.25
0.444444
0.0377358
0.416667
0
0
0
0
0.416667
0
0.135135
0.212766
0.416667
0
0
0
0.25641
0.425532
0
0.4
0.434783
0
0
0.425532
0.196078
0.103093
0
0.0833333
0.444444
0.465116
0
0
0.100503
0.434783
0.212766
0.192308
0
0.408163
0
0
0.425532
0.425532
0.425532
0.416667
0
0
0.204082
1.05263
0
0.140845
0.0600601
0.487805
1.66667
0
0.377358
0.416667
0
0.0560224
0
0.425532
0.416667
0.246914
0.909091
0.0520833
0.31746
0
0.0372439
0.434783
0.222222
0.425532
0.141844
0.416667
0.0829876
0.104167
0
0.217391
0.0826446
0
0.425532
0
0
0.425532
0
0.04662
0.0826446
0
0
0.0589971
0
0.140845
0
0.416667
0.425532
0.425532
0.434783
0.4
0.425532
0.103093
0.4
0.277778
0.425532
0.392157
0.108696
0.0862069
0
0.416667
0.425532
0.425532
0
0.425532
0.416667
0.434783
0
0
0
0.416667
0.102041
0.104167
0.425532
0.138889
0.416667
0.4
0
0.425532
0.138889
0.111111
0.425532
0.416667
0.425532
0
0.425532
0.425532
0.425532
0.425532
0.425532
0.425532
0
0.416667
0.0591716
0.212766
0.465116
0
0
0.416667
0.377358
0.425532
0
0.434783
0.4
0.208333
0.425532
0
0.416667
0
0.425532
0.135135
0
0
0.1
0.408163
0
0.103093
0.208333
0.425532
0
0.416667
0.208333
0.208333
0.425532
0
0
0.104167
0.208333
0.273973
0.416667
0.425532
0
0.416667
0.0833333
0.0593472
0.208333
1.53846
0.140845
0.425532
0
0.204082
0.144928
0.425532
0.208333
0.47619
0
0.208333
0
0.181818
0.238095
0.0784314
0
0.392157
0.0806452
0.416667
0.425532
0
0
0.416667
0.3125
0.11236
0
0.0826446
0.350877
0.416667
0.138889
0.0694444
0
0.416667
0.37037
0.0829876
0.165289
0.208333
0.144928
0
0
0.263158
0.289855
0.208333
0.138889
0.212766
0
0.416667
0.222222
0.138889
0
0
0
0.425532
0.0813008
0.10101
0.137931
0
0.425532
0
0.425532
0.128205
0.425532
0.408163
0.104167
0
0.416667
0.140845
0.138889
0
0.425532
0.0518135
0.141844
0.153846
0.0593472
0.425532
0.434783
0.425532
0.208333
0.606061
0
0
0.138889
0.425532
0.425532
0.425532
0.185185
0.322581
0.103093
0
0
0
0.425532
0.338983
0
0.2
0.416667
0.137931
0.425532
0
0
0.138889
0.102041
0.425532
0
0.0843882
0.149254
0.141844
0.425532
0.266667
0.425532
0
0.425532
0
0
0.392157
0.208333
0.363636
0.357143
0.4
0.416667
0.425532
0
0.444444
0
0.185185
0
0.425532
0
0.425532
0.103093
0
0.425532
0.045977
0
0
0
0
0.204082
0.4
0.425532
0
0.377358
0.408163
0.425532
0.4
0.208333
0.0699301
0
0.25
0.103093
0.425532
0.425532
0.425532
0.4
0.416667
0.416667
0.289855
0.344828
0.444444
0
0.425532
0.137931
0.363636
0.138889
0.208333
0.0829876
0.208333
0.0833333
0.0653595
0
0.416667
0
0.377358
0.425532
0
0.105263
0.138889
0.425532
0
0
0.465116
0
0.363636
0.277778
0.434783
0.208333
0.104167
0.0589971
0.416667
0.12987
0.425532
0
0.137931
0.425532
0.416667
0.273973
0
0.31746
0
0.416667
0.425532
0
0.37037
0
0
0.104167
0.137931
0
0.133333
0.425532
0
0.425532
0.5
0.102041
0.208333
0.425532
0.416667
0.135135
0
0.208333
0.137931
0.208333
0
0.416667
0.140845
0.204082
0.416667
0.0809717
0.425532
0.137931
0.298507
0.060423
0
0.212766
0.104167
0.416667
0
0
0.408163
0.47619
0.425532
0.425532
0.138889
0
0.166667
0.204082
0.434783
0.104167
0.416667
0
0.0568182
0.408163
0
0
0
0.425532
0.196078
0.21978
0
0.425532
0.416667
0
0
0.425532
0.138889
0.416667
0
0.416667
0.344828
0.425532
0
0
0.137931
0.2
0.425532
0.425532
0.12987
0
0.425532
0.208333
0.043573
0.416667
0.060241
0.425532
0.425532
0
0.444444
0.0574713
0.425532
0.425532
0.425532
0
0.434783
0
0
0
0.137931
0
0.294118
0.137931
0.425532
0
0
0.384615
0.425532
0.425532
0
0
0.425532
0.13245
0.714286
0.140845
0.13245
0.425532
0.0694444
0.416667
0.425532
0.425532
0.140845
0
0.425532
0
0
0.058651
0
0
0.28169
0
0.0826446
0.416667
0
0.425532
0.425532
0.137931
0.133333
0.212766
0.588235
0
1.05263
0.444444
0.425532
0.416667
0.416667
0
0.0990099
0
0.408163
0.434783
0
0
0.217391
0
0
0
0.416667
0
0.425532
0.103093
0.0746269
0.425532
0.425532
0.4
0
0.0829876
0.434783
0.425532
0.204082
0
0.327869
0
0.408163
0.041841
0
0.0826446
0.104167
0.0826446
0.425532
0.392157
0
0
0.212766
0.425532
0.425532
0
0.416667
0.208333
0
0
0.425532
0.140845
0
0.285714
0.416667
0.425532
0.425532
0
0.107527
0.425532
0.0694444
0
0
0
0
0.425532
0.434783
0.425532
0
0.212766
0.125786
0.425532
0
0
0
0.416667
0.454545
0.425532
0.104167
0
0.434783
0
0.163934
0.416667
0.327869
1.42857
0
0.416667
0.425532
0
0.425532
0.425532
0.4
0.408163
0.416667
0.408163
0.425532
0
0.0833333
0
0.425532
0.425532
0.425532
0.0589971
0.425532
0.408163
0
0.425532
0.434783
0.0847458
0
0.425532
0.0829876
0.4
0.150376
0.104167
0.133333
0
0.070922
0.425532
0.425532
0.416667
0.222222
0.208333
0.434783
0.425532
0
0
0.357143
0.408163
0
0.425532
0.322581
0
0
0
0
0
0.141844
0.434783
0.444444
0.208333
0
0.298507
0
0.0847458
0
0
0.408163
0.425532
0.454545
0
0.425532
0.425532
0.208333
0.140845
0
0.224719
0.208333
0
0
0.425532
0.425532
0.136054
0.0851064
0.434783
0.136054
0.425532
0.11236
0
0.425532
0
0.425532
0.204082
2.85714
0.384615
0.104167
0.425532
0.136054
0.425532
0.3125
0
0.208333
0.416667
0.425532
0
0.425532
0.204082
0.363636
0.425532
0.425532
0.136054
0.103093
0.10101
0.102041
0.434783
0
0.4
0.408163
0.235294
0.444444
0.416667
0.137931
0
0.425532
0.416667
0.416667
0.208333
0.192308
0.425532
0
0.425532
0.408163
0.425532
0.107527
0.434783
0.416667
0
0.196078
0
0.444444
0.289855
0.425532
0.416667
0.208333
0.208333
0.425532
0.434783
0.144928
0
0.416667
0.454545
0.137931
0
0.425532
0.208333
0.425532
0
0.425532
0.208333
0.416667
0
0.120482
0.434783
0
0.425532
0.444444
0.425532
0.425532
0.555556
0
0.416667
0
0.425532
0.057971
0
0
0
0.138889
0
0.0829876
0.5
0.140845
0.4
0.571429
0.425532
0.512821
0
0.425532
0
0.217391
0
0.10101
0.425532
0.4
0.2
0.425532
0.425532
0.188679
0
0
0.0829876
0.425532
0.425532
0
0.416667
0.425532
0.416667
0.0869565
0
0.0628931
0.408163
0.425532
0.384615
0.526316
0.102041
0.425532
0.208333
0.208333
0.416667
0
0.425532
0
0
0
0.425532
0.37037
0.106383
0.357143
0.172414
0.425532
0.434783
0.425532
0.10101
0
0.138889
0
0.416667
0.103093
0.25
0
0.0943396
0
0.444444
0
0
0.425532
0.138889
0.425532
0.425532
0.147059
0.208333
0
0
0.4
0
0.138889
0.31746
0
0
0.060423
0.416667
0
0.136054
0.434783
0
0
0.425532
0.111111
0.0598802
0.104167
0.425532
0
0
0
0.350877
0
0
0.425532
0
0.425532
0.208333
0.434783
0.425532
0
0.298507
0
0
0.13245
0
0.0829876
0.208333
0
0.058651
0.137931
0
0.408163
0
0.408163
0.107527
0
0.208333
0
0.416667
0.444444
0.135135
0.425532
0.425532
0
0.425532
0
0.0589971
0
0.344828
0
0.408163
0.102041
0.0591716
0.208333
0.425532
0
0.2
0.0458716
0.138889
0.425532
0
0
0.444444
0.0840336
0.208333
0.425532
0
0.1
0.408163
0.357143
0.4
2.85714
0.425532
0.425532
0.434783
0
0.103093
0.110497
0.208333
0.425532
0
0
0.408163
0.0917431
0
0.327869
0.058651
0.0588235
0
0.408163
0
0.444444
0.2
0.104167
0.425532
0.204082
0.172414
0.363636
0.425532
0.377358
0.425532
0
0.135135
0.425532
0.465116
0
0.444444
0.425532
0.425532
0
0.0961538
0.416667
0.425532
0.0558659
0.425532
0
0.13245
0
0
0.208333
0.0510204
0
0.416667
0.208333
0.08
0
0.136054
0.408163
0.294118
0.4
0.416667
0.0526316
0.416667
0.208333
0.31746
0
0
0.125786
0.137931
0.138889
0.208333
0.363636
0.0376648
0.338983
0.416667
0
0.140845
0
0.060241
0.425532
0.137931
0.434783
0.204082
0.416667
0
0.434783
0.104167
0.392157
0
0.138889
0.148148
0.103093
0.392157
0.392157
0.425532
0.444444
0.425532
0.425532
0.181818
0.322581
0.0829876
0.0619195
0
0
0.425532
0.12987
0.136054
0.212766
0
0.465116
0.322581
0.416667
0.408163
0
0.434783
0.102041
0.322581
0.384615
0.104167
0.425532
0.4
0.416667
0.357143
0.208333
0.408163
0.0809717
0.0826446
0
0.217391
0
0
0
0.0593472
0.289855
0.0666667
0
0
0
0.138889
0.833333
0
0.425532
0.425532
0
0.416667
0.217391
0.416667
0.444444
0
0.114943
0.425532
0
0.212766
0.392157
0.148148
0
0.124224
0.425532
0.137931
0.222222
0
0.0557103
0
0
0.425532
0.416667
0.105263
0
0
0
0
0.425532
0.0420168
0.149254
0.208333
0.416667
0.425532
0.416667
0
0.138889
0.307692
0.137931
0.425532
0.416667
0
0.0829876
0.425532
0.384615
0.425532
0.208333
0.425532
0.0816327
0.444444
0.425532
0
0.0574713
0
0
0.425532
0.425532
0.434783
0.425532
0.0826446
0.212766
0
0.363636
0.307692
0
0
0.416667
0.106383
0.425532
0
0.208333
0
0.540541
0.2
0.204082
0.10101
0
0.212766
0.2
0
0.425532
0
0.454545
0.106383
0.416667
0.333333
0.25
0
0.144928
0
0.384615
0.47619
0
0.0806452
0.377358
0.425532
0
0.425532
0
0.416667
0.0806452
0.425532
0.150376
1.33333
0.116279
0.425532
0.105263
0.208333
0.151515
0
0.416667
0.212766
0.138889
0.425532
0.416667
0.625
0.408163
0.178571
0.327869
0.104167
0.434783
0
0.357143
0.3125
0.208333
0.47619
0.212766
0.137931
0
0
0.0576369
0.104167
0
0.0826446
0.136054
0.416667
0
0.416667
0.444444
0.212766
0.425532
0
0.425532
0.208333
0
0.188679
0.188679
0.357143
0
0.166667
0
0.0699301
0.102041
0
0.416667
0.47619
0.217391
0.208333
0
0
0.416667
0.425532
0
0.140845
0
0
0.137931
0.416667
0.298507
0.0829876
0.0826446
0.208333
0.425532
0
0.208333
0
0
0.0518135
0.2
0.056338
0
0.416667
0.137931
0.208333
0.416667
0.416667
0
0.4
0
0.588235
0.0877193
0.11236
0
0.425532
0
0.425532
0.3125
0.425532
0.273973
0
0
0
0.135135
0
0
0
0.425532
0.0809717
0.0729927
0.135135
0.208333
0.434783
0.425532
0
0.357143
0.425532
0
0.434783
1.11111
0.645161
0.172414
0.058309
0.208333
0.208333
0
0.212766
0.147059
0.869565
0.30303
0.425532
0.0588235
0.155039
0.222222
0.138889
0.425532
0.540541
0.0826446
0.465116
0
0.425532
0.103093
0
0.416667
0
0.425532
0.0453515
0.212766
0.208333
0.416667
0.103093
0.425532
0
0.188679
0
0
0.0397614
0
0.103093
0
0.416667
0.208333
0
0.135135
0.4
0.140845
0
0
0.273973
0
0
0.434783
0
0.0409836
0
0.1
0.0826446
0.0829876
0.0796813
0.136054
0
0.208333
0.138889
0
0
0.434783
0
0.416667
0.408163
0
0
0
0.208333
0.434783
0
0.208333
0
0.208333
0.0769231
0
0
0.208333
0
0.416667
0
0
0.526316
0.060423
0
0
0
0
0.135135
0.138889
0.0823045
0
0.434783
0.425532
0.425532
0.526316
0.141844
0.289855
0.0843882
0.357143
0.425532
0.425532
0
0.425532
0.425532
0.425532
0.204082
0.425532
0.108696
0.425532
0.208333
0.204082
0.425532
0.0829876
0
0.408163
0.0813008
0.208333
0.0660066
0
0.0684932
0.425532
0.208333
0.425532
0
0.136054
0.138889
0.0593472
0.425532
0.212766
0.212766
0.425532
0
0.138889
0.138889
0
0.392157
0
0
0.363636
0.425532
0.425532
0.416667
0
0.307692
0.47619
0
0.140845
0.425532
0
1.05263
0
0.0469484
0.425532
0.0483092
0
0.222222
0
0.0826446
0
0.425532
0.416667
0.238095
0.137931
0.140845
0
0.106383
0.140845
0.416667
0.105263
0
0.425532
0.425532
0.425532
0.327869
0.289855
0.350877
0.357143
0.057971
0.425532
0.392157
0
0.425532
0.425532
0.434783
0.204082
0.294118
0.465116
0.425532
0.138889
0.0840336
0.425532
0.434783
0.0671141
0
0.0505051
0.425532
0.0809717
0.425532
0
0
0.408163
0.425532
0.416667
0
0.104167
0.416667
0.208333
0.136986
0.141844
0
0.131579
0.425532
0.350877
0.138889
0.333333
0.0462963
0.425532
0.0829876
0.425532
0.141844
0
0.104167
0.108696
0.204082
0.208333
2.22222
0.416667
0.307692
0
0.208333
0.0847458
0.0694444
0
0.208333
0.425532
0
0.416667
0.0826446
0.416667
0.208333
0.05
0.137931
0.229885
0.425532
0.425532
0
0.526316
0.434783
0
0
0.0990099
0.416667
0
0.208333
0
0.212766
0
0.204082
0
0.416667
0.137931
0
0.13245
0.444444
0.344828
0.425532
0.434783
0.163934
0.454545
0.0829876
0.0626959
0.140845
0
0.416667
0
0.416667
0.416667
1.11111
0.138889
0
0.0961538
1
0.434783
0.0589971
0
0.104167
0.425532
0.425532
0
0.408163
0.208333
0
0
0
0.416667
0.425532
0.416667
0
0
0.408163
0
0
0.425532
0
0.487805
0.416667
0.140845
0.0847458
0.338983
0.416667
0.222222
0.105263
0
0.137931
0
0.416667
0.141844
0.138889
0.425532
0
0.140845
0.425532
0
0.212766
0
0.4
0.425532
0.416667
0
0
0
0.106383
0
0.434783
0.138889
0.434783
0.208333
0.434783
0.25641
0
0.416667
0
0.350877
0.425532
0
0
0.444444
0
0
0.416667
0
0.434783
0.222222
0.408163
0.102041
0.208333
0.148148
0.425532
0.137931
0.11236
0.222222
0.217391
0.136054
0.30303
0.0512821
0.0843882
0
0.104167
1.25
0.434783
0
0.425532
0.138889
0.208333
0.416667
0
0
0.425532
0.0714286
0
0
0.434783
0.148148
0.108696
0.208333
0.357143
0.425532
0.204082
0.454545
0
0.208333
0.425532
0
0.2
0.105263
0.425532
0
0.363636
0.416667
0.138889
0.138889
0.425532
0
0.434783
0.540541
0
0
0
0.444444
0.425532
0.102041
0.425532
0.196078
0
0.0680272
0.425532
0
0.344828
0.052356
0.0865801
0.425532
0.0813008
0.416667
0.444444
0.416667
0
0.0607903
0.434783
0
0.357143
0.322581
0
0
0.408163
0.0793651
0.416667
0.434783
0
0
0.425532
0.075188
0.425532
0.363636
0.0847458
0.208333
0.425532
0.425532
0.143885
0
0.0647249
0.0790514
0
0.384615
0
0.104167
0
0
0.104167
0.444444
0.208333
0.454545
0.408163
0.140845
0.408163
0
0.204082
0
0
0
0.215054
0
0.104167
0.37037
0.425532
0.140845
0.425532
0.204082
0
0.425532
0.104167
0.285714
0.178571
0.208333
0.384615
0.425532
0.133333
0
0.416667
0
0.444444
0.289855
0
0.0829876
0.416667
0.0684932
0.141844
0.137931
0.465116
0.0600601
0.208333
0
0.526316
0
0
0
0
2.5
0
0
0
0
0
0.118343
0.425532
0.408163
0.434783
0.408163
0.208333
0.416667
0.416667
0.425532
0
0
0.208333
0.137931
0.13245
0
0.425532
0
0
0
0.208333
0.327869
0.416667
0.416667
0.357143
0
0.212766
0.0809717
0.425532
0.212766
0.0826446
0
0.0694444
0.070922
0.045977
0
0.103093
0.434783
0.454545
0.571429
0.208333
0
0
0.408163
0
0.322581
0.0694444
0.135135
0.377358
0
0.425532
0.196078
0.454545
0.137931
0.416667
0.208333
0
0
0
0.0904977
0.425532
0.425532
0
0
0.208333
0.416667
0.384615
0.0790514
0.416667
0
0.105263
0.487805
0.208333
0
0.416667
0
0.416667
0.363636
0.208333
0.0833333
0.31746
0
0
0
0.425532
0.138889
0.434783
0
0.338983
0
0.392157
0.289855
0
0
0.425532
0.208333
0.416667
5
0.487805
0.208333
0.416667
0.0813008
0.208333
0.363636
0.392157
0
0
0.425532
0.163934
0
0.434783
0.0486618
0.2
0.212766
0.425532
0.425532
0.425532
0
0
0.12987
0.0591716
0
0.416667
0.425532
0
0.425532
0.425532
0.143885
0.416667
0.0574713
0.136054
0.143885
0.357143
0.204082
0
0.425532
0
0.212766
0
0.240964
0.416667
0.434783
0
0.104167
0
0.384615
0.102041
0.141844
0.212766
0.408163
0.19802
0.4
0.111111
0
0.137931
0.208333
0
0.425532
0.408163
0.425532
0.147059
0
0.235294
0.208333
0.0574713
0
0
0
0.465116
0
0.425532
0.425532
0.425532
0
0
0.377358
0.105263
0.425532
0.425532
0.416667
0.141844
0.434783
0
0.416667
0.103093
0.434783
0.434783
0.333333
0.425532
0.140845
0
0.1
0.425532
0
0.425532
0
0.425532
0
0.137931
0.0847458
0
0
0.141844
0
0.138889
0.208333
0.138889
0.111111
0
0.140845
0.140845
1.05263
0.298507
0
0.204082
0.204082
0.140845
0.425532
0
0.416667
0.208333
0.425532
0.434783
0
0.416667
0.425532
0
0.392157
0
0.625
0.425532
0
0.104167
0.192308
0.425532
0.238095
0.204082
0.181818
0.377358
0.135135
0
0.246914
0.416667
0.0591716
0.416667
0.425532
0.2
0.0694444
0.344828
0.425532
0
0
0
0.416667
0.0829876
0.188679
0
0.392157
0.4
0.425532
0
0.425532
0.137931
0
0.408163
0.408163
0.425532
0.0694444
0.416667
0
0
0.425532
0.4
0
0
0
0.0865801
0
0.208333
0.0680272
0
0.8
0.208333
0.0796813
0.416667
0.147059
0
0.102041
0.138889
0.105263
0
0.140845
0.4
0.384615
0.425532
0.416667
0
0
0.208333
0
0.350877
0.434783
0.208333
0
0.128205
0
0
0.133333
0.425532
1.11111
0.384615
0.357143
0.138889
0
0
0.178571
0
0
0
0
0.425532
0.465116
0.416667
0
0.425532
0.666667
0.104167
0.408163
0
0
0.0813008
0
0
0.384615
0.058651
0
0.408163
0
0.408163
0
0
0
0
0.08
0.408163
0.377358
0
0.416667
0.357143
0.416667
0.416667
0.222222
0
0
0.425532
0.2
0.425532
0.10101
0.465116
0.208333
0.425532
0.425532
0.434783
0.408163
0.138889
0.28169
0.0729927
0.0684932
0.357143
0.138889
0
0.232558
0
0
0.104167
0.106383
0.0990099
0
0
0
0.416667
0
0.102041
0
0.425532
0
0.338983
0.0896861
0.212766
0.357143
0
0
0.434783
0.444444
0
0.0829876
0.153846
0.122699
0.0796813
0.425532
0.425532
0
0
0.103093
0.21978
0.208333
0.186916
0
0.526316
0
0
0.425532
0.416667
0.425532
0.416667
0.0847458
0.196078
0.104167
0
0.138889
0
0
0.0833333
0.222222
0
0
0.135135
0.138889
0.0593472
0
0.130719
0.212766
0.169492
0
0.444444
0
0
0.204082
0.425532
0
0.227273
0.208333
0
0.363636
0.0606061
0.060423
0.425532
0.204082
0
0.0694444
0.217391
0
0.408163
0
0
0
0.104167
0.425532
0.408163
0.0833333
0.425532
0
0.425532
0.0909091
0
0.425532
0.425532
0.425532
0
0
0.121951
0
0.344828
0.138889
0.0518135
0.107527
0.08
0
0.425532
0.377358
0.425532
0.136054
0.425532
0.416667
0.416667
0.25974
0.416667
0.416667
0
0
0.30303
0
0
0.425532
0.204082
0.408163
0.077821
0.148148
0.434783
0.136054
0
0.416667
0.307692
0.138889
0.31746
0.212766
0.0829876
0.138889
0.0869565
2.5
0
0
0.4
0
0.136054
0.357143
0.416667
0
0.0826446
0
0.425532
0.425532
0.137931
0.204082
0.208333
0
0.0512821
0.425532
0.104167
0
2.5
0.444444
0.204082
0.416667
0.148148
0.0806452
0.363636
0
0.408163
0.425532
0
0
0.425532
0.434783
0.30303
0
0
0.425532
0.434783
0.0589971
0.136054
0.454545
0.540541
0
0.2
0.408163
0.408163
0.204082
0.136054
0
0.416667
0
0.208333
0.108696
0.204082
0
0.208333
0.0833333
0
0
0
0.425532
0.196078
0.425532
0
0.208333
0
0.425532
0.425532
0
0.0884956
0.107527
0
0
0.175439
0.384615
0.416667
0.434783
0.192308
0.0588235
0.425532
0.425532
0.425532
0
0
0.434783
0.147059
0.0447427
0.377358
0.416667
0
0.138889
0
0
0.392157
0.434783
0.416667
0.425532
0.425532
0.425532
0.0823045
0.3125
0.181818
0.0416667
0
0.392157
0.357143
0
0.425532
0.0833333
0.434783
0.327869
0.0664452
0
0.416667
0
0.425532
0.28169
0
0.0826446
0.465116
0.327869
0.434783
0.333333
0
0
0.0943396
0.0790514
0.0518135
0.425532
0.138889
0.425532
0.266667
0
0.425532
0.135135
0.425532
0.0684932
0
0
0.208333
0.20202
0.138889
0.425532
0
0.217391
0.196078
0
0.416667
0.408163
0.363636
0
0.02849
0.140845
0.434783
0
0
0.416667
0
0.425532
0
0.338983
0
0
0.465116
0.212766
0.425532
0.208333
0
0.425532
0
0.0518135
0.416667
0.37037
0
0
0.151515
0.425532
0.208333
0
0.208333
0.416667
0.425532
0.143885
0.136054
0.136054
0.571429
0
0.0851064
0
0.416667
0.425532
0.172414
0.208333
0.425532
0.434783
0.434783
0.444444
0.138889
0
0.425532
0.208333
0.416667
0.425532
0.208333
0.425532
0
0.425532
0.425532
0.102041
0
0
0.384615
0
0.425532
0
0
0.377358
0.425532
0
0.408163
0.181818
0
0.0888889
0.212766
0.0851064
0.425532
0.1
0.212766
0.0408163
0
0
0.0840336
0
0
0
0.434783
0
0
0
0.416667
0.060423
0
0.425532
0
0.416667
0.408163
0.408163
0.425532
0.0826446
0.130719
0.425532
0
0.408163
0.0456621
0
0.0829876
0.425532
0
0.425532
0.338983
0
0
0.041841
0.0847458
0.363636
0
0.107527
0.416667
0.425532
0.333333
0.104167
0
0
0.363636
0
0.137931
0
0.204082
0.08
0.416667
0.416667
0
0.2
0.208333
0
0.344828
0.425532
0
0.0369004
0.108696
0.208333
0.425532
0.138889
0.37037
0.0833333
0.425532
0.425532
0.232558
0.0896861
0.416667
0.0829876
0.434783
0
0
0.153846
0.408163
0
0
0.425532
0.425532
0
0
0.377358
0.392157
0
0.0694444
0
0.0826446
0
0.425532
0.416667
0.13245
0.408163
0.322581
0.425532
0
0.058651
0.425532
0.227273
0
0.425532
0.408163
0.392157
0.408163
0
0.408163
1.33333
0.408163
0.208333
0
0.0796813
0.416667
0
0.135135
0.434783
0.425532
0.217391
0.416667
0
0
0.416667
0
0
0
0.0790514
0.0826446
0.363636
0.425532
0.103093
0.416667
0.103093
0.425532
0
0.204082
0.384615
0.434783
0
0.416667
0.425532
0.102041
0.104167
0.425532
0
0.138889
0.465116
0.416667
0
0.416667
0.425532
0.0843882
0.0829876
0.208333
0.104167
0.425532
0
0
0
0.208333
0.425532
0.104167
0.0468384
0.208333
0.416667
0.425532
0.425532
0
0.425532
0
0
0.0520833
0.425532
0.425532
0
0
0.133333
0.217391
0
0.416667
0.408163
0
0
0.408163
0.0816327
0.232558
0.0858369
0
0
0
0.425532
0.425532
0
0.0833333
0.444444
0
0.0449438
0.408163
0.137931
0.425532
0.0600601
0.425532
0.408163
0.135135
0.136054
0.416667
0.138889
0.0520833
0.137931
0.212766
0.425532
0.425532
0.416667
0.4
0
0.425532
0.212766
0.307692
0.266667
0.0829876
0.425532
0.416667
0.425532
0.25974
0
0.434783
0.30303
0.425532
0.434783
0.104167
0.425532
0
0
0.21978
0
0.4
0
0.37037
0
0.204082
0.0840336
0.392157
0
0.425532
0.153846
0.144928
0.208333
0.106383
0.416667
0.425532
0.425532
0.444444
0.408163
0.425532
0.425532
0.333333
0.25641
0
0
0.416667
