0
0
0
0.27027
0
0
0
0.2
0
0
0
0
0
0
0.2
0
0
0
0
0
0
0
0.27027
0
0
0.2
0
0
0
0
0
0
0
0.2
0
0
0
0.140845
0.25974
0
0
0
0
0
0
0
0.3125
0
0
0
0
0.138889
0
0
0
0
0
0
0
0
0.273973
0
0
0
0
0
0
0
0
0
0
0.215054
0
0
0
0
0
0
0
0
0
0
0
0
0.119048
0
0
0
0
0
0.107527
0
0.0719424
0
0
0
0
0
0
0
0.0813008
0
0
0
0
0
0
0
0
0
0
0
0
0
0.181818
0
0
0.204082
0
0
0
0
0
0
0
0.15873
0
0
0
0.0671141
0
0.212766
0
0
0
0
0
0
0
0.2
0
0
0
0
0
0
0.165289
0
0
0.0854701
0.0564972
0.110497
0
0
0.0888889
0
0
0
0
0
0.149254
0
0
0
0
0
0
0
0
0.28169
0.131579
0.124224
0
0.16
0
0
0.144928
0
0
0
0
0
0
0.106952
0.102564
0
0
0.075188
0
0.0699301
0.0921659
0.2
0
0
0
0
0.27027
0
0
0
0.0446429
0
0
0.0694444
0.15873
0
0
0
0
0
0
0
0.10929
0
0.0265604
0
0
0
0.045045
0
0
0
0
0.0641026
0
0
0
0
0
0
0
0
0.0826446
0.10989
0
0
0.10929
0
0.166667
0
0.122699
0.137931
0
0
0.0621118
0
0
0
0
0
0.102564
0
0
0.103093
0
0
0
0.344828
0
0
0
0.13245
0
0
0.186916
0.131579
0.143885
0.178571
0
0.112994
0
0
0
0.0645161
0
0
0
0
0.12987
0
0.0414079
0
0
0
0.155039
0
0
0
0.137931
0
0
0
0.10929
0
0
0
0
0
0
0
0
0.152672
0.0711744
0.120482
0.042735
0
0.10989
0.11976
0
0.384615
0.0549451
0
0
0.103093
0.106383
0.3125
0.0961538
0
0
0.327869
0
0
0.110497
0.0711744
0.2
0.0689655
0.125786
0.119048
0.17094
0.0446429
0.0649351
0
0
0
0
0
0.392157
0
0.0896861
0
0.119048
0
0.0833333
0.134228
0
0
0
0.136986
0
0.13245
0
0
0
0
0.10929
0
0
0
0
0
0
0.15748
0
0.172414
0.149254
0.0484262
0.0568182
0
0.103627
0
0.0531915
0
0
0.130719
0
0.0689655
0
0.169492
0
0
0
0
0
0.102041
0.112994
0.108696
0
0
0
0.0522193
0.163934
0
0.128205
0
0.137931
0
0
0.137931
0.183486
0
0
0.178571
0
0.075188
0.0564972
0
0
0
0.134228
0.0947867
0
0
0.17094
0.15873
0
0.116959
0
0
0
0.16
0
0.124224
0
0
0
0
0
0
0
0.108696
0
0.143885
0.122699
0.172414
0
0.0447427
0.128205
0
0.124224
0
0
0
0
0
0.148148
0.169492
0
0
0.13986
0.188679
0.15748
0
0.162602
0
0
0.173913
0.0884956
0.104712
0
0.108108
0.0485437
0.131579
0.149254
0
0.10989
0.153846
0
0
0.0763359
0
0
0
0.185185
0.0754717
0.13245
0.0696864
0.166667
0.10582
0
0
0.0484262
0.110497
0
0.114286
0.0980392
0.150376
0.130719
0
0.028777
0.0461894
0.0452489
0
0
0.130719
0.131579
0.045045
0.153846
0
0.0714286
0.377358
0
0.0231481
0.134228
0.166667
0.16
0.142857
0.0530504
0
0.10582
0.140845
0.0461894
0.145985
0.0492611
0.145985
0.0952381
0.150376
0.0129366
0
0.10101
0.124224
0.0479616
0.125786
0
0.0377358
0.0531915
0
0.123457
0.149254
0
0
0.0763359
0
0.130719
0.0613497
0
0.142857
0
0.0255428
0
0.0892857
0.13986
0.363636
0
0.116959
0.163934
0.0772201
0.169492
0
0.0649351
0.138889
0
0.0593472
0
0.181818
0.384615
0.119048
0
0
0
0.16129
0
0.136054
0.125786
0
0.136054
0.0829876
0.16129
0.169492
0.120482
0.136986
0.124224
0
0.144928
0.104712
0.357143
0
0
0.0277778
0.152672
0.0869565
0.0684932
0.118343
0.102041
0
0.0589971
0.123457
0.120482
0.127389
0.0727273
0.0909091
0.0760456
0
0
0
0
0
0.119048
0.0507614
0.0269906
0
0.166667
0.165289
0.0819672
0
0
0.13245
0.162602
0.13986
0
0
0
0.0134953
0.0387597
0.0367647
0
0.133333
0.363636
0.142857
0
0.134228
0
0.2
0.0438596
0.135135
0.181818
0
0.377358
0
0.0649351
0
0.137931
0
0.133333
0.377358
0
0.147059
0.165289
0.19802
0.125786
0.175439
0.15748
0.0457666
0
0.183486
0.15625
0
0.0331126
0.0571429
0.11976
0.0544959
0.135135
0.0421053
0.0833333
0.113636
0.115607
0.0847458
0
0
0
0.121212
0
0
0.16129
0.138889
0.166667
0.208333
0.169492
0.196078
0
0.16129
0.172414
0.186916
0.078125
0
0.183486
0.176991
0.0588235
0.060241
0.152672
0.0649351
0.2
0.0694444
0.133333
0.0719424
0
0
0.0925926
0.128205
0.0653595
0
0.17094
0.0735294
0.0468384
0.19802
0
0
0.116279
0.169492
0.186916
0.0392157
0.0283688
0.0512821
0
0.144928
0.143885
0.15873
0.150376
0.163934
0.150376
0.173913
0.126582
0.147059
0.0628931
0
0
0.168067
0.0925926
0.134228
0.162602
0.0536193
0
0
0
0.178571
0.0497512
0.140845
0.175439
0.106383
0.032
0
0.108108
0.16
0.15873
0.0374532
0.0492611
0
0.11976
0
0.141844
0
0.143885
0.0383142
0
0.0350877
0.15873
0.0475059
0.17094
0.125786
0.125
0.188679
0.133333
0.188679
0.0699301
0.114943
0.151515
0.140845
0.078125
0.0769231
0.176991
0.138889
0
0.0869565
0.075188
0.175439
0.124224
0.0598802
0.0819672
0.108108
0.175439
0
0.217391
0.0387597
0.16129
0.169492
0.0248756
0
0
0.0588235
0.16129
0
0.135135
0.0479616
0.153846
0.194175
0.0862069
0.0268817
0.162602
0.169492
0.178571
0.0199601
0
0.169492
0.0503778
0.1
0.0819672
0
0.0443459
0.165289
0.140845
0.0806452
0
0.141844
0.124224
0.130719
0.155039
0.173913
0.169492
0.17094
0.190476
0.0680272
0.163934
0.15748
0.15748
0.0704225
0.143885
0.0763359
0.190476
0.13245
0.135135
0.145985
0
0.16129
0.12987
0.15748
0.15748
0.163934
0.168067
0
0.188679
0.606061
0.16
0.2
0.0526316
0.056338
0.173913
0.140845
0.0383142
0.0497512
0.08
0.0540541
0.134228
0.127389
0.10929
0.102564
0.0740741
0.0380228
0.190476
0.143885
0.18018
0.0527704
0.190476
0
0.173913
0.0806452
0.0826446
0.19802
0.163934
0.136054
0
0
0.0840336
0.0529101
0.0323625
0.15625
0
0.0854701
0.384615
0.0390625
0.181818
0.0193237
0.163934
0.181818
0.173913
0.151515
0.060241
0.0917431
0.151515
0.0306279
0.194175
0.135135
0.123457
0.0414079
0.0877193
0.169492
0.15873
0.188679
0.0763359
0.144928
0.178571
0.10582
0.0806452
0.16
0
0.0934579
0.150376
0.208333
0.175439
0.15748
0
0.178571
0.148148
0.075188
0.150376
0.115607
0.18018
0.188679
0
0.15625
0.0179211
0.0884956
0.144928
0.175439
0.169492
0.0549451
0.0163666
0.0884956
0.186916
0.0340136
0.0485437
0.169492
0
0.0511509
0.0478469
0.0873362
0.196078
0.17094
0.173913
0.188679
0.0293255
0
0.141844
0.183486
0
0.19802
0.17094
0.023175
0.0152555
0.15873
0.037594
0.15625
0.152672
0.0854701
0.142857
0.136986
0.192308
0
0.151515
0.176991
0.128205
0.0729927
0.121951
0
0.0694444
0.19802
0.0133333
0
0.032
0.0244798
0.0411523
0.0347826
0.0380228
0.19802
0.2
0.175439
0.15625
0.2
0
0.129032
0.0560224
0.0284495
0
0
0.0558659
0
0
0.188679
0.0519481
0.181818
0.0550964
0
0
0
0.0337268
0.0573066
0.15625
0.173913
0
0.0252525
0.155039
0
0.190476
0.133333
0.121212
0.0378788
0
0.0833333
0.168067
0.176991
0.188679
0.137931
0.169492
0.168067
0.166667
0.377358
0.17094
0.15748
0.138889
0.0819672
0.15748
0.176991
0.15748
0.0540541
0.176991
0.15748
0.125786
0.0925926
0.0421941
0.169492
0
0.162602
0.162602
0.163934
0.147059
0.145985
0.181818
0.384615
0.0854701
0.155039
0.173913
0.0238949
0.175439
0.147059
0.392157
0.175439
0
0.136986
0.0425532
0.144928
0.0537634
0.0529101
0
0.118343
0.137931
0.15748
0.150376
0
0.175439
0.0291971
0.17094
0.0529101
0.0675676
0.0649351
0.165289
0.175439
0.0769231
0.0877193
0.148148
0.0775194
0.0276243
0.0900901
0.15625
0.162602
0.204082
0.169492
0.16129
0.0980392
0.0588235
0.0598802
0.0877193
0.188679
0.0209644
0.20202
0.0430108
0.0833333
0
0
0.0560224
0.166667
0.122699
0.20202
0.15748
0.0420168
0.188679
0.181818
0
0.2
0.0884956
0
0.134228
0.127389
0
0
0
0.115607
0.0446429
0
0.16
0.148148
0
0.0787402
0.163934
0.169492
0.0909091
0
0.134228
0.123457
0.172414
0.0719424
0.0126263
0.178571
0.16129
0.163934
0.0404858
0.173913
0.0854701
0.16
0.0617284
0.0613497
0.0862069
0.138889
0.183486
0.168067
0.100503
0.16129
0.175439
0.384615
0.176991
0.0869565
0.0609756
0.162602
0.168067
0.0554017
0.181818
0.039604
0.173913
0.147059
0.0900901
0.148148
0.0833333
0.151515
0.181818
0.0557103
0.153846
0.0332226
0.16
0.0569801
0.16129
0.0204708
0.151515
0.149254
0.0892857
0.181818
0.175439
0.0826446
0
0.0358423
0.178571
0.2
0.192308
0.0554017
0.175439
0.178571
0
0.163934
0.140845
0.204082
0.183486
0.0826446
0.176991
0.0641026
0.0600601
0.165289
0.18018
0.196078
0.204082
0.178571
0.101523
0.114286
0.0578035
0.175439
0.172414
0.165289
0.0241255
0.0840336
0.0321543
0.149254
0.0877193
0.169492
0.0335008
0.185185
0.0338983
0.0589971
0.194175
0.15748
0.0843882
0.181818
0.0584795
0.0392157
0.19802
0.165289
0.125786
0.152672
0.0347222
0.0564972
0.166667
0.162602
0.176991
0.04329
0.13986
0.190476
0.17094
0.145985
0.175439
0.0560224
0.0636943
0.168067
0.176991
0.0322581
0.0431034
0.186916
0.0833333
0.175439
0.033557
0
0.0943396
0.04662
0.142857
0.181818
0.181818
0.162602
0.151515
0.155039
0.188679
0.0917431
0.0847458
0.173913
0.12987
0.0560224
0.0900901
0.190476
0.0694444
0.2
0.162602
0.2
0
0.0840336
0.0892857
0.18018
0.151515
0.0401606
0.188679
0.168067
0.0353357
0.185185
0.08
0.185185
0.0754717
0.155039
0.0869565
0.18018
0.138889
0.183486
0.185185
0.178571
0.175439
0.18018
0.176991
0.152672
0.0573066
0.129032
0
0.0793651
0.0900901
0.15873
0
0.0554017
0.0826446
0.190476
0.147059
0.183486
0
0.0952381
0.162602
0.0826446
0.392157
0.15748
0.176991
0.143885
0
0.173913
0.175439
0.131579
0
0.0819672
0.172414
0.130719
0.0444444
0.176991
0.185185
0.173913
0.0207469
0.0793651
0.0515464
0.17094
0.0632911
0.17094
0.166667
0.0550964
0.196078
0.176991
0.166667
0.0352113
0.041841
0.165289
0.186916
0.18018
0
0.0884956
0.377358
0.0757576
0.0840336
0.0917431
0.194175
0.185185
0.17094
0.0611621
0.4
0.0192678
0.0833333
0.18018
0.0558659
0
0.145985
0.0877193
0.162602
0.165289
0.034904
0.163934
0.19802
0.173913
0.0851064
0.0555556
0.165289
0.0892857
0.15625
0.18018
0
0
0.181818
0.15873
0.0589971
0.0215983
0.0833333
0.0560224
0.392157
0.0840336
0.026455
0.168067
0.168067
0.0573066
0.0621118
0.166667
0.181818
0.0520833
0.172414
0.0436681
0.196078
0.392157
0.0934579
0.186916
0.16129
0.163934
0.169492
0.173913
0.172414
0.0714286
0.153846
0.186916
0.196078
0.041841
0.176991
0.16129
0.188679
0.172414
0.0442478
0.0793651
0
0.196078
0.192308
0.058309
0.151515
0.15873
0.194175
0.16
0.173913
0.149254
0.204082
0.0595238
0.183486
0.185185
0.13986
0.12987
0.210526
0
0.175439
0.172414
0.0606061
0
0.172414
0.0458716
0
0.185185
0.0287356
0.186916
0.19802
0.034965
0.185185
0.0334448
0.0645161
0.176991
0.0321027
0.0746269
0.0194363
0.192308
0.0961538
0.168067
0.172414
0.175439
0.155039
0.0869565
0.152672
0.192308
0
0.0847458
0.178571
0.0611621
0.0819672
0.0338983
0.0569801
0.190476
0.196078
0.0917431
0.186916
0.0366972
0.17094
0.0490196
0.185185
0.169492
0.0847458
0.0280899
0.175439
0
0
0.0578035
0.0218341
0.392157
0.175439
0.178571
0.0536193
0.185185
0.0446429
0.181818
0.0411523
0.05
0.194175
0.2
0.186916
0
0.0877193
0.185185
0.0588235
0.0301205
0.18018
0.0952381
0.058309
0.0980392
0.18018
0.16129
0.20202
0.192308
0.0833333
0.16
0.175439
0.217391
0.0220264
0.190476
0.181818
0.0472813
0.0533333
0.034188
0.0431034
0.153846
0.155039
0.196078
0.169492
0.176991
0.0869565
0.169492
0.176991
0.058309
0.2
0.18018
0.0544959
0.0408163
0.121951
0.18018
0.183486
0.17094
0.175439
0.196078
0.18018
0.0628931
0
0.0869565
0.0884956
0.183486
0.0369686
0.147059
0.0255754
0.0952381
0.0160901
0.169492
0
0
0.2
0.186916
0.192308
0.185185
0.169492
0.190476
0.392157
