0
0
0
0
0
0
0
0
0
0
0
0
0
0
0
0
0
0
0
0
0
0
0
0
0
0
0
0
0
0
0
0
0
0
0
0
0
0
0
0
0
0
0
0
0
0.350877
0
0
0
0
0
0
0
0
0
0
0
0
0
0
0
0
0
0
0
0
0
0
0
0
0
0
0
0
0
0
0
0
0
0
0
0
0
0
0
0
0
0
0
0
0
0
0
0
0
0
0
0
0
0
0
0
0
0
0
0
0
0
0
0
0
0
0
0
0
0
0
0
0
0
0
0
0
0
0
0
0
0
0
0
0
0
0
0
0
0
0
0
0
0
0
0
0
0
0
0
0
0
0
0
0
0
0
0
0
0
0
0
0.0917431
0
0
0
0
0
0
0
0
0
0
0
0
0
0
0
0
0
0
0
0
0
0
0
0
0
0
0
0
0
0
0
0
0
0
0
0
0
0
0
0
0
0
0
0
0
0
0
0
0
0
0
0
0
0
0
0
0
0
0
0
0
0
0
0
0
0
0
0
0
0
0
0
0
0
0
0
0.15625
0
0
0
0
0
0
0
0
0
0
0
0
0
0
0
0
0
0
0
0
0
0
0
0
0
0
0
0
0
0
0
0
0
0
0
0
0
0
0
0
0
0
0
0
0
0
0
0
0
0
0
0
0
0
0
0
0
0
0
0
0
0
0
0
0
0
0
0
0
0
0
0
0
0
0
0
0
0
0
0
0
0
0
0
0
0
0
0
0
0
0
0
0
0
0
0
0
0
0
0
0
0
0
0
0
0
0
0
0
0
0
0
0
0
0
0
0
0
0
0
0
0
0
0
0
0.0961538
0
0
0
0.114286
0
0
0
0
0
0
0
0
0
0
0
0
0
0
0
0
0
0
0
0.136986
0
0
0
0
0
0
0
0
0
0.120482
0
0
0
0
0
0
0
0
0
0.137931
0
0
0
0
0
0.0701754
0
0
0
0
0
0
0
0
0
0
0
0
0
0
0
0
0
0
0
0
0
0
0
0
0
0
0
0
0
0
0
0
0
0
0
0
0.0727273
0
0
0
0
0
0.277778
0
0
0
0
0
0
0
0
0
0
0
0
0
0
0
0
0
0
0
0
0
0
0
0
0
0
0
0
0
0
0
0
0
0
0
0
0
0
0
0
0
0
0
0
0
0
0
0
0
0
0
0
0
0
0
0
0
0
0
0
0
0
0
0
0
0
0
0
0
0
0.124224
0
0
0
0
0
0.129032
0
0
0
0
0
0
0
0
0
0
0
0
0
0
0
0
0
0
0
0
0
0
0
0
0
0
0
0
0
0.0714286
0
0.126582
0
0
0
0.0722022
0
0
0
0
0
0
0
0
0
0
0
0
0
0
0
0.15873
0
0.0332779
0
0
0
0
0
0
0
0
0
0
0
0
0
0
0
0.125786
0
0
0
0
0
0
0
0
0
0
0
0
0
0
0
0
0
0
0
0
0.0533333
0
0
0
0
0
0
0
0
0
0
0
0.0485437
0
0.15873
0.0763359
0
0
0
0
0
0.0740741
0
0
0
0
0
0
0
0
0
0
0
0
0
0
0
0
0
0
0
0
0
0
0
0
0
0
0
0
0
0
0
0.0738007
0
0
0
0
0
0
0.137931
0
0
0
0
0
0
0
0
0
0
0
0
0
0
0.108108
0
0.103627
0
0
0.142857
0
0
0
0
0
0
0
0
0
0
0
0
0
0
0
0.115607
0
0
0
0
0
0
0
0
0
0
0
0
0
0
0
0
0
0
0
0
0
0
0
0.0304878
0
0
0
0
0
0
0
0
0
0
0
0
0
0
0.0291545
0
0
0
0.0970874
0
0
0
0
0
0
0.16
0
0
0
0.0724638
0
0
0
0
0
0
0
0
0
0
0
0
0
0
0
0
0
0
0
0
0.015456
0
0
0
0
0.150376
0
0
0
0
0
0
0
0
0
0
0.102564
0
0
0
0
0
0
0
0
0.0319489
0.25641
0.0347222
0.0813008
0
0
0.0529101
0
0.0106838
0
0.0819672
0
0
0
0
0
0
0
0
0
0
0
0
0
0
0
0
0
0
0
0
0
0
0
0
0
0
0.0917431
0
0
0
0
0
0
0
0
0
0
0.16129
0
0
0
0
0.169492
0.175439
0
0
0
0
0
0
0
0
0
0
0
0
0
0
0
0
0
0
0.075188
0
0
0
0
0
0
0
0
0
0
0
0
0
0
0
0
0
0
0
0
0
0
0
0
0
0
0.163934
0.188679
0
0.181818
0
0
0
0
0
0
0
0.0775194
0
0
0
0
0
0
0
0
0
0
0
0
0
0
0
0
0
0
0
0
0
0
0
0
0
0
0
0
0
0
0
0
0.0550964
0
0
0
0
0
0
0
0
0
0
0
0
0
0.153846
0
0
0
0
0
0
0
0
0
0
0
0
0
0.0677966
0
0.044843
0
0
0
0
0
0.126582
0
0
0
0
0
0
0
0
0
0
0
0
0
0.0247525
0
0
0
0
0
0.173913
0
0
0
0
0
0
0
0
0.0344234
0
0
0
0.185185
0
0
0
0
0
0
0
0
0
0
0
0
0.0421941
0
0
0
0
0
0.0826446
0
0
0
0
0
0.0819672
0
0.0327332
0
0
0
0.0520833
0
0
0
0
0.165289
0
0
0
0
0
0
0
0
0
0
0.17094
0.169492
0
0
0
0
0
0
0
0
0
0
0
0
0
0
0.057971
0.115607
0.0481928
0
0.128205
0
0
0.0217865
0.0429185
0
0
0
0.0549451
0
0
0
0
0.183486
0
0
0
0
0
0
0
0
0
0.0341297
0.0649351
0
0
0
0
0
0
0
0.0555556
0.0611621
0
0
0
0
0
0
0
0
0
0
0.0775194
0
0
0
0
0
0
0
0
0
0
0.15873
0
0
0.0422833
0.0209205
0
0
0
0.0516796
0
0
0
0
0.0847458
0.17094
0
0.0607903
0
0
0.149254
0
0
0
0
0
0
0.0127551
0
0
0
0.0512821
0.0425532
0
0
0
0.0398406
0.17094
0.0597015
0.0706714
0
0
0.0628931
0
0
0
0
0
0
0
0
0.0257069
0
0.169492
0
0.165289
0
0
0
0
0
0
0.0573066
0
0
0
0
0.0539084
0.162602
0
0
0
0.0293255
0
0
0.188679
0
0
0
0
0.0488998
0
0
0
0
0.0578035
0
0
0
0.0854701
0
0.0560224
0
0
0
0
0
0.136986
0.0684932
0.0236407
0.0626959
0.0414079
0.172414
0.0854701
0
0.060423
0
0
0.0181488
0.0473934
0
0
0.0404858
0
0.0348432
0
0
0.0925926
0
0
0
0
0
0.0611621
0.0569801
0
0
0
0.181818
0
0.140845
0
0.0142755
0
0
0
0.153846
0
0.0555556
0
0
0.166667
0.0451467
0.0784314
0.0511509
0
0
0
0
0
0
0.181818
0
0.02442
0
0
0.0373832
0.0258398
0.0554017
0
0.058309
0
0.188679
0
0
0
0.0253807
0.0884956
0.178571
0
0
0
0
0.017138
0
0
0
0
0.057971
0
0
0
0.0909091
0.175439
0.163934
0
0
0
0
0.0598802
0
0.0564972
0
0.0267738
0
0
0
0.185185
0
0.040568
0
0
0
0
0
0.17094
0.0334448
0
0
0
0.0826446
0.0641026
0.178571
0
0
0
0.0727273
0
0
0
0
0
0.0980392
0
0
0.0819672
0.0641026
0
0
0.0600601
0
0.0275103
0
0.16
0
0
0.0372439
0
0.0236967
0
0
0
0
0
0
0
0
0
0
0.0473934
0
0
0
0
0
0.0775194
0
0
0
0.0387597
0
0.0193237
0
0
0.166667
0.0184672
0
0
0
0
0.0787402
0
0.178571
0.0414938
0
0.12987
0
0
0.178571
0
0
0.173913
0.0775194
0
0
0.0588235
0.169492
0
0
0
0.0719424
0.0454545
0
0.058309
0
0
0
0
0
0
0.0250627
0
0.0468384
0.0451467
0.0784314
0
0
0
0.175439
0.0497512
0.185185
0.0231214
0
0
0
0
0
0
0.173913
0.16129
0
0
0.0526316
0.0277393
0
0
0
0
0
0
0.181818
0
0
0
0.0128452
0
0
0
0
0.0202429
0
0
0.0564972
0
0
0.0266312
0
0
0
0.0554017
0.0699301
0.0420168
0.0925926
0
0
0.173913
0
0
0
0
0
0.0554017
0.0819672
0
0
0.243902
0.0877193
0
0
0
0.392157
0.0877193
0
0.0657895
0.0796813
0
0
0.0372439
0.0689655
0.0900901
0
0.12987
0.0290698
0
0
0.0380228
0.0537634
0
0
0.123457
0
0.176991
0.183486
0.183486
0
0
0
0.0400802
0
0
0.0638978
0
0
0
0
0
0
0
0.0862069
0
0
0.0763359
0.0900901
0
0.056338
0.0201816
0
0.04158
0.178571
0.166667
0
0
0.181818
0.0909091
0
0
0
0
0
0
0
0
0.0609756
0
0.0727273
0
0.175439
0
0.162602
0.4
0
0
0
0.0436681
0
0
0
0
0.162602
0
0
0.0600601
0
0
0
0
0
0
0
0
0.0362976
0
0
0.0664452
0
0.0331126
0
0.042735
0
0
0
0
0
0.0664452
0
0.185185
0
0
0.0626959
0
0
0
0
0
0.186916
0.188679
0
0
0
0.165289
0.4
0.047619
0
0.186916
0
0.0301205
0
0
0
0
0
0
0.0677966
0
0
0.163934
0.173913
0
0
0
0.178571
0
0
0.0694444
0
0
0.0105652
0
0
0
0.0623053
0
0
0.0367647
0.0358423
0
0.0413223
0.0636943
0.18018
0
0.0492611
0.0980392
0.18018
0
0
0
0
0.0213675
0.0527704
0
0
0
0.0606061
0
0.011534
0.0496278
0.183486
0
0.392157
0
0
0
0
0
0.173913
0.0790514
0
0
0
0
0
0
0
0.176991
0
0
0.0151745
0
0.0549451
0
0.181818
0
0
0
0
0
0
0.0600601
0.0813008
0.0784314
0
0
0
0
0.0636943
0
0
0
0
0.384615
0
0
0
0.0917431
0
0
0
0
0
0.0930233
0
0.0796813
0.0505051
0.0719424
0
0
0.0862069
0
0.0847458
0
0.04329
0.0809717
0.0437637
0.0699301
0
0.042735
0.0272851
0
0
0
0.178571
0
0.0542005
0.0660066
0.183486
0
0.0806452
0
0
0.0990099
0
0.0668896
0
0
0.0711744
0
0
0.0847458
0.083682
0.0473934
0.190476
0.0862069
0
0.176991
0
0.0252845
0.0684932
0
0
0.172414
0.0925926
0.0611621
0.0498753
0.0655738
0
0.0613497
0
0.0634921
0
0.0166945
0.041841
0.0197628
0.0714286
0.0557103
0.0796813
0
0.0746269
0
0
0
0
0
0
0
0
0
0
0
0
0.18018
0
0
0.172414
0
0
0.0687285
0
0
0.0227273
0.052356
0
0.392157
0.0403226
0.0507614
0.0380228
0
0
0.196078
0
0.0350263
0.185185
0.0862069
0.194175
0.185185
0
0.0796813
0.0884956
0
0.0569801
0.0224467
0
0.0607903
0.0769231
0.0851064
0
0.0803213
0.08
0.0645161
0
0
0
0
0.0546448
0
0
0.0611621
0
0.0917431
0.181818
0
0.0554017
0
0.0775194
0
0
0
0
0
0.178571
0.057971
0
0.0772201
0.0351494
0
0
0.0877193
0.0611621
0.192308
0
0.0826446
0.178571
0.0732601
0.0732601
0
0
0.392157
0.0673401
0.0546448
0.0763359
0
0.165289
0.060423
0
0
0.0606061
0.0884956
0
0
0.178571
0
0
0.181818
0
0
0.0790514
0.0884956
0.176991
0.0456621
0
0.0623053
0
0.060423
0
0
0
0
0.183486
0
0
0.0363636
0.0775194
0.0760456
0
0.0267023
0
0.188679
0
0
0
0.0869565
0
0.0990099
0.078125
0
0.015748
0
0.0651466
0
0.4
0.0555556
0
0.0840336
0.0561798
0
0.0668896
0
0
0.0796813
0
0.0546448
0.0255754
0
0.16129
0
0.0613497
0.0392157
0
0.0813008
0.0454545
0.0740741
0.0917431
0
0
0
0.0743494
0
0.0384615
0.0675676
0
0
0.0699301
0
0
0.0738007
0
0.0651466
0.0552486
0
0.0692042
0
0.023175
0
0.0657895
0
0
0.0414938
0
0
0
0
0.058309
0
0.0456621
0.0934579
0.186916
0
0
0
0.178571
0.0694444
0
0.0623053
0.0694444
0
0.0706714
0
0
0.181818
0
0.0727273
0
0
0.0456621
0.0304414
0
0.0775194
0
0
0.0769231
0.0109051
0.0314961
0
0
0
0.0578035
0.04158
0.0793651
0.0760456
0
0
0
0
0
0
0.175439
0
0
0
0.0816327
0.0258398
0
0
0.196078
0.0600601
0
0
0.0813008
0.192308
0
0
0.0408163
0.17094
0
0.0763359
0
0.186916
0
0
0.0245399
0.0170358
0.0892857
0.0917431
0.0865801
0
0.0925926
0.0240385
0.0803213
0
0
0
0.0784314
0
0
0.0628931
0.392157
0.0623053
0.183486
0
0
0
0
0.0472813
0.188679
0.077821
0
0
0.0809717
0.078125
0.0806452
0.058309
0.0544959
0.183486
0
0.0829876
0.0660066
0.0769231
0
0.0677966
0.0446429
0.0398406
0
0.172414
0.173913
0
0.0934579
0.0636943
0
0.0479616
0.0826446
0.03861
0
0.0221976
0
0.0239521
0.014556
0
0.186916
0
0.0757576
0.0606061
0.0738007
0
0
0.0373134
0.0265252
0
0
0.0578035
0.0636943
0.18018
0.0373832
0.186916
0.192308
0
0.0692042
0.058651
0
0.0970874
0.058651
0
0.070922
0.0803213
0.0336134
0
0.0790514
0.168067
0
0.0865801
0.192308
0.194175
0.08
0.183486
0.0471698
0
0
0
0
0
0
0
0
0.0611621
0
0
0.0840336
0.0884956
0
0
0.186916
0.0900901
0
0
0
0
0.0666667
0.0738007
0
0.0909091
0
0.0362319
0
0.0598802
0
0
0
0
0.17094
0
0
0.0606061
0
0.0651466
0.0892857
0.0462963
0
0
0.0182149
0.0813008
0.0132802
0.078125
0
0
0
0.0477327
0.181818
0.0350877
0.0655738
0
0.0675676
0.0671141
0
0.00904159
0.0662252
0
0.183486
0.186916
0.08
0
0.188679
0
0
0
0.0925926
0.0641026
0.0917431
0
0.0626959
0.0696864
0
0
0
0
0
0
0
0
0
0.0164069
0.0164609
0
0.0420168
0.0696864
0.392157
0
0.183486
0.0925926
0
0
0
0.0573066
0
0.192308
0.188679
0.185185
0.0865801
0.0917431
0
0
0.0248756
0
0
0.0502513
0.0995025
0
0
0
0
0.0392157
0.0375235
0.0295858
0.0970874
0.196078
0.0380228
0.0694444
0.0877193
0
0
0.0569801
0.0934579
0.0462963
0.0793651
0
0.0597015
0.0900901
0
0.0273598
0.0772201
0
0.0980392
0.0826446
0
0.0481928
0
0.0892857
0
0.196078
0.0655738
0
0.0611621
0.178571
0
0.172414
0.0510204
0
0
0
0.183486
0.0364964
0
0
0
0
0.0806452
0.0877193
0
0.0682594
0
0
0
0.0600601
0.0947867
0.057971
0.0784314
0.0178571
0.00841751
0
0.0655738
0
0.185185
0.0363636
0
0
0.0377358
0.0934579
0
0.0862069
0
0.0687285
0.0371747
0.188679
0.175439
0.0441501
0.196078
0.0790514
0.0917431
0.077821
0.0816327
0
0
0.186916
0.035524
0.0542005
0.190476
0
0
0
0
0.0970874
0.0995025
0
0.0943396
0.0729927
0.0729927
0.0943396
0
0.0934579
0.0675676
0.0292398
0
0.0514139
0.0819672
0.0138889
0.0716846
0.0732601
0
0.173913
0.0645161
0.0645161
0.08
0.0813008
0
0
0.0682594
0
0.0369004
0.0542005
0.18018
0
0
0.0461894
0
0.0985222
0.0609756
0.0617284
0.0816327
0.186916
0
0.0634921
0
0
0.0501253
0.0833333
0
0.0510204
0.078125
0.0288184
0
0
0.041841
0.0727273
0
0.037594
0
0.0168067
0
0
0.0719424
0
0.0458716
0.0425532
0.0980392
0.0925926
0
0
0.196078
0.078125
0.0362976
0.0615385
0.0732601
0.186916
0.185185
0
0
0.0840336
0
0
0.0675676
0.0769231
0.192308
0.0613497
0.190476
0.045977
0.0657895
0.0689655
0.0865801
0.18018
0
0.0660066
0.0869565
0
0.190476
0.0689655
0.0727273
0.0763359
0.0980392
0.0163399
0.0292398
0
0.0296296
0
0.077821
0.0444444
0
0.0980392
0.0854701
0
0.0630915
0
0
0
0.0264201
0.0869565
0.0719424
0.0696864
0.0398406
0.0772201
0.0833333
0.0358423
0
0.0787402
0.0429185
0
0.0623053
0
0.0539084
0
0.0970874
0.0166667
0.0258398
0.05
0.0421941
0.083682
0.0947867
0
0.178571
0
0.0617284
0
0.0689655
0.4
0.0888889
0.0265604
0.034965
0.0796813
0
0.0862069
0.0271739
0.0909091
0
0
0
0.0436681
0.0323625
0.0913242
0.0858369
0.0692042
0.0930233
0.0065445
0.0934579
0.0598802
0.0909091
0.0760456
0.0379507
0
0.077821
0.0181818
0.0760456
0
0
0.0754717
0.0701754
0.0104603
0.0235294
0.0740741
0
0
0
0
0.0540541
0.0826446
0
0.178571
0.0222717
0
0
0.0858369
0.178571
0.0611621
0
0.0243902
0.0934579
0.0803213
0
0.0865801
0.0754717
0.0298507
0.0823045
0.0793651
0.0217391
0.0793651
0.0873362
0
0.0619195
0
0.0877193
0.0925926
0
0.0729927
0.0589971
0
0.0641026
0.185185
0
0.190476
0
0.0990099
0
0.194175
0.0645161
0
0.0469484
0.0980392
0.0816327
0.0743494
0.0772201
0.00956938
0
0.037594
0
0
0.0673401
0.0380228
0.0626959
0.186916
0
0
0.0167785
0.0943396
0.185185
0
0.0240385
0.0934579
0
0.0772201
0.0826446
0
0.0925926
0
0.186916
0.186916
0
0.190476
0
0
0.0847458
0
0.0892857
0
0
0.0819672
0.186916
0
0.1
0.0816327
0.0847458
0.0660066
0.0877193
0.185185
0.0492611
0.0161681
0.0925926
0
0.185185
0.0724638
0.0170794
0.0306748
0
0.0858369
0.130719
0
0.12987
0.0149925
0.0496278
0
0.08
0.0660066
0.0208117
0
0.0943396
0.0682594
0.0769231
0
0.045045
0.0840336
0
0
0.0806452
0
0.0379507
0
0.0591716
0.183486
0
0.0692042
0
0
0.0458716
0.0371747
0.0840336
0.0145455
0.0617284
0
0
0.0925926
0.0564972
0.0793651
0.0537634
0
0.0662252
0
0
0.0623053
0
0.0687285
0.163934
0.0896861
0
0.0784314
0.0793651
0.19802
0
0.0328947
0.0393701
0.186916
0.0772201
0.0287356
0
0
0.0925926
0.0884956
0.0478469
0.0909091
0.037594
0.0204918
0
0
0.0858369
0.0930233
0.070922
0.013541
0.0943396
0.0699301
0.0558659
0
0
0
0
0.0660066
0.0793651
0.0884956
0.0699301
0.0769231
0
0.0938967
0
0.0947867
0
0.183486
0
0.130719
0.0896861
0.176991
0.0925926
0.0126662
0.0754717
0.0925926
0.0900901
0.0255428
0.0772201
0.0265957
0.192308
0.031348
0.0934579
0.0803213
0.0980392
0.188679
0.0851064
0.077821
0.0348432
0.0858369
0.0724638
0.0636943
0.188679
0.185185
0.070922
0.0784314
0.0662252
0.0462963
0.0649351
0.0653595
0.0331126
0.0833333
0.0851064
0
0.0732601
0.0255102
0.0980392
0.078125
0
0.0363636
0
0.188679
0.0235849
0.188679
0
0.0706714
0.185185
0.0177778
0.0917431
0.0677966
0.0169348
0.046729
0.0790514
0
0
0.0226757
0.057971
0.0763359
0
0.058309
0
0.186916
0.0623053
0
0
0.0803213
0
0.0816327
0.0402414
0.0269179
0
0.5
0.196078
0.0600601
0.192308
0
0.037037
0.0662252
0.0813008
0.0732601
0.0858369
0.0819672
0.0858369
0.0816327
0.0313972
0.0823045
0.0221729
0
0
0.0743494
0
0.0420168
0.0766284
0.0668896
0.037594
0.0729927
0.0754717
0
0.1
0
0
0
0.0266312
0.0647249
0.0729927
0.0869565
0.0431034
0.077821
0
0.0420168
0.0793651
0.183486
0
0.183486
0.0892857
0.04914
0.0413223
0.0203666
0.0511509
0.0257069
0.190476
0
0.0634921
0.019305
0
0.0784314
0.0943396
0.0921659
0.058309
0
0.0900901
0.0673401
0.188679
0.0557103
0.0823045
0.0826446
0.0638978
0.0643087
0
0.190476
0.408163
0
0
0.0769231
0.0267738
0
0.0904977
0.075188
0.188679
0
0.0344828
0.0675676
0.0184332
0
0.0547945
0.0847458
0.0289855
0.0371747
0.0854701
0.196078
0
0.0909091
0.0803213
0
0.0266667
0.0865801
0
0.181818
0.0527704
0.0900901
0.175439
0
0.0689655
0.0816327
0.0943396
0.190476
0
0.0653595
0
0.0847458
0
0.0938967
0.183486
0
0.0809717
0.0766284
0.0813008
0.0754717
0.0136612
0.190476
0.0943396
0
0.0934579
0.08
0
0.0813008
0.0980392
0.20202
0.0934579
0
0.188679
0.0913242
0.0682594
0
0
0
0.010005
0.0458716
0.0740741
0.0952381
0.196078
0
0
0.0884956
0.0980392
0.0803213
0
0.0403226
0
0.0793651
0.0833333
0.18018
0.031746
0.0787402
0
0.0833333
0.0478469
0.0862069
0.0176056
0.0534759
0.0909091
0.0343053
0.0334448
0.0884956
0.0790514
0.0858369
0.0401606
0
0.0843882
0.0606061
0
0.0634921
0.011236
0.0840336
0.04
0.0238095
0.0784314
0.0383142
0.0793651
0.0711744
0.0375235
0.0888889
0
0.0900901
0.0784314
0
0
0.0195313
0
0.0421941
0.183486
0.0985222
0.0854701
0
0
0.0617284
0.0884956
0.0743494
0.0628931
0
0.0740741
0.186916
0.0904977
0.00671141
0.0847458
0.0609756
0.0615385
0.0549451
0.0536193
0.02079
0
0.190476
0.0847458
0.0829876
0.00652103
0.0649351
0.0628931
0
0.0569801
0.0237812
0
0.0735294
0.0280899
0
0.0819672
0.0393701
0.0318471
0.0934579
0.0308642
0.0628931
0.0261438
0.0787402
0.181818
0.194175
0
0.0796813
0.0141243
0.190476
0.18018
0.0634921
0.0357143
0
0.0600601
0.0469484
0.186916
0.0395257
0
0.0236407
0.0787402
0.0371747
0
0.0766284
0
0.0877193
0.196078
0.0943396
0.0383142
0.0796813
0.192308
0.0772201
0.0306279
0.0934579
0.0746269
0
0.183486
0
0
0
0.0308642
0.0454545
0.0985222
0.083682
0.0401606
0.0909091
0.0275862
0.060241
0.075188
0
0.0909091
0.0884956
0.0819672
0
0.0823045
0.0854701
0.0716846
0.0877193
0.0628931
0.0456621
0.186916
0.0952381
0.178571
0.060241
0.188679
0.0636943
0.0465116
0
0.0727273
0.0729927
0.0595238
0
0.00716846
0
0.0790514
0.0858369
0.060423
0.0796813
0
0.0909091
0
0
0.0361011
0
0.190476
0.0442478
0.0813008
0.0921659
0.0615385
0.0241255
0.0673401
0.0854701
0.192308
0.0380228
0
0
0
0.408163
0
0.190476
0
0.0377358
0.0452489
0.0701754
0.0813008
0.0970874
0.0735294
0.0724638
0.0675676
0
0
0.0843882
0.0589971
0.0934579
0.0706714
0
0
0.0769231
0.00990099
0.0609756
0
0.0380952
0.0833333
0.0239808
0
0
0.0655738
0.0888889
0
0.0470588
0.0231214
0.0858369
0.03125
0.0787402
0.070922
0.0475059
0.0943396
0
0
0.0961538
0
0.190476
0.0617284
0.0168492
0
0.0369004
0.0917431
0.0727273
0.0609756
0.196078
0.0925926
0
0.0854701
0.0854701
0.0623053
0.0858369
0.0826446
0.0858369
0.0664452
0.0359712
0.0638978
0.0621118
0.0930233
0.0803213
0.190476
0.0623053
0.0694444
0
0.0851064
0
0.00659196
0.0265252
0.0115875
0.0888889
0.0452489
0.0934579
0.00954654
0
0.0865801
0.0784314
0.0473934
0
0
0
0.0829876
0
0.0877193
0.08
0
0.0816327
0.0719424
0
0.0689655
0.0740741
0.0952381
0.0909091
0.0315457
0.083682
0.0769231
0.0692042
0
0.0803213
0.196078
0.0938967
0.0858369
0
0.192308
0.0520833
0.0865801
0.196078
0.192308
0.077821
0.0677966
0.0858369
0.0203252
0
0.0881057
0.186916
0.0833333
0.0566572
0.0823045
0.0826446
0
0.190476
0.0843882
0.0913242
0.188679
0
0.0913242
0.0851064
0.0816327
0.186916
0.0769231
0.0735294
0
0.0719424
0.186916
0.188679
0.0934579
0.185185
0.0862069
0.077821
0.0706714
0.192308
0.0980392
0.0597015
0.0787402
0.0272109
0.0727273
0.0793651
0.0760456
0.0746269
0.056338
0.19802
0.04329
0.0438596
0.0892857
0.0746269
0.0925926
0.0235294
0.00582242
0.0813008
0.0516796
0.194175
0.0913242
0.0803213
0.0653595
0.0421941
0.03125
0.0793651
0
0.0790514
0.0673401
0.0202429
0.0754717
0
0
0.0813008
0.077821
0.0840336
0
0.0158353
0
0.0934579
0.0167926
0.194175
0.0760456
0
0.4
0.0892857
0.0763359
0.0501253
0.0516796
0
0
0.0888889
0.0813008
0.0692042
0.0240674
0.0651466
0
0.0628931
0.0740741
0.0364964
0.0766284
0.0469484
0.0917431
0.0943396
0
0.0519481
0.077821
0.0416667
0.188679
0
0.0757576
0.0813008
0
0.0207684
0.0699301
0
0.0787402
0
0.01221
0.0873362
0.0255428
0.0769231
0.188679
0
0.0809717
0.0727273
0.0970874
0.0625
0.0634921
0.0934579
0.188679
0.0568182
0.0790514
0
0.115607
0.0689655
0.033557
0.186916
0.0598802
0.0865801
0.0546448
0.19802
0.0156128
0.0943396
0.045045
0.194175
0.0790514
0.0625
0.183486
0
0.0787402
0.0806452
0.0749064
0
0.0252525
0.0634921
0.0384615
0.0877193
0.185185
0.0881057
0.0295858
0.0675676
0.0740741
0.0735294
0.190476
0.0125078
0.0310559
0.0881057
0
0.078125
0.183486
0
0.0677966
0.0766284
0.0711744
0.0211193
0
0.0151745
0
0.0403226
0.0653595
0
0.0673401
0.0934579
0.0706714
0
0.0865801
0.188679
0.196078
0.0877193
0.0790514
0.0533333
0.4
0.188679
0
0.0813008
0.0598802
0
0.0806452
0
0.0847458
0.0465116
0.0787402
0.0769231
0.0569801
0.0917431
0.0657895
0.194175
0.0884956
0
0.196078
0.0925926
0.0862069
0.0869565
0.0296296
0.0689655
0.0694444
0.0772201
0.188679
0.194175
0.0970874
0.0630915
0
0.00897666
0.0854701
0.0626959
0.057971
0.0917431
0
0.25
0.0716846
0.0851064
0.0873362
0.0787402
0.031746
0.0566572
0.186916
0.0851064
0.0816327
0.078125
0.0194175
0.0711744
0.0823045
0
0.078125
0.0847458
0.0732601
0.078125
0.0277778
0
0.0851064
0.0682594
0.0267738
0.0813008
0.0228311
0.0829876
0.0769231
0.057971
0.0222222
0.077821
0
0
0.0268097
0.0833333
0.0829876
0.0904977
0.08
0.0531915
0.0294985
0.0947867
0.0469484
0.0634921
0.0671141
0
0.0655738
0.08
0.0796813
0.0265252
0
0.0816327
0.010989
0.192308
0
0.0961538
0.097561
0.0888889
0.0888889
0.0865801
0.0732601
0.0241546
0.0680272
0.0913242
0.0806452
0.0877193
0.0803213
0.0803213
0.0264201
0.0657895
0.0655738
0.0684932
0.0634921
0
0.0843882
0.0724638
0.0763359
0.192308
0.0653595
0.0749064
0
0.0796813
0.0934579
0.0179856
0.130719
0.0869565
0.08
0.186916
0.0677966
0
0
0.0738007
0.0813008
0.0865801
0.078125
0
0.0529101
0.0309598
0.0275482
0.0809717
0.0743494
0.0869565
0.4
0.0816327
0
0.0641026
0.0847458
0.014881
0.0621118
0.0280112
0.0913242
0.0318471
0
0.0888889
0.0359712
0.0851064
0
0.0261097
0
0.298507
0.0917431
0.0118765
0.0851064
0
0.188679
0.0701754
0.0416667
0.0851064
0.0267738
0.0406504
0
0.078125
0.0647249
0.0711744
0.0673401
0.0480769
0.0318471
0.0900901
0.0404858
0.0699301
0
0.0657895
0.0938967
0.0675676
0.190476
0.0675676
0
0.19802
0.0263158
0.0873362
0.078125
0.05
0.0790514
0.0952381
0.0409836
0.035461
0.0498753
0
0
0.190476
0.0980392
0.0892857
0.0858369
0.0769231
0.0865801
0.031746
0.0925926
0.08
0
0.192308
0.0287356
0.0892857
0.0921659
0.0480769
0.0858369
0.0387597
0.0706714
0.0806452
0.0854701
0.0735294
0.0396825
0.192308
0.0638978
0.030581
0.0862069
0.0291121
0.0623053
0.190476
0.0925926
0.0694444
0.0325733
0.0406504
0.0816327
0
0
0.0187617
0.0862069
0.046729
0
0.0892857
0.190476
0
0.0766284
0
0
0
0.0892857
0.077821
0.188679
0.0375235
0.0790514
0
0.0796813
0.05
0.047619
0.0896861
0.027137
0.0680272
0.188679
0
0.0952381
0.190476
0.0806452
0.0373134
0.192308
0.0352734
0.0766284
0.0471698
0
0.0772201
0
0.0378788
0.042735
0.0706714
0.0732601
0.0904977
0.0628931
0.0769231
0.0896861
0.0900901
0.060423
0
0.0819672
0.00933707
0
0.0917431
0.0884956
0.0671141
0
0.0985222
0.0222717
0
0
0.0754717
0.0641026
0.0869565
0.0281294
0.192308
0.0884956
0.058651
0.0641026
0.0749064
0.0813008
0.0904977
0.0851064
0.0769231
0.194175
0.0375235
0.0840336
0.194175
0.0724638
0
0.0784314
0
0.0813008
0.0454545
0.0716846
0.0183486
0.0884956
0.0790514
0.0952381
0.0769231
0.0655738
0.194175
0.078125
0.08
0.0909091
0.0760456
0
0.0641026
0.0315457
0.0784314
0.0829876
0.0653595
0.0617284
0.0900901
0.0961538
0.0819672
0.0877193
0.0289855
0.0673401
0.0623053
0.097561
0.0628931
0.0554017
0.0444444
0.0763359
0.0643087
0.0609756
0.0884956
0.0235294
0.0862069
0.0904977
0.0138889
0.0275862
0.0790514
0.0943396
0.0772201
0.0393701
0
0.0638978
0.0131406
0.0913242
0.0956938
0.0909091
0.0833333
0.192308
0.0913242
0.186916
0.0819672
0.0869565
0.0651466
0.0480769
0.00904159
0.0677966
0.0719424
0
0.08
0.0249377
0.0749064
0.0282087
0.0353357
0.0766284
0.0884956
0.0655738
0.20202
0.0423729
0.0843882
0.0952381
0.0854701
0.0904977
0.0699301
0.0865801
0
0
0
0.0854701
0.190476
0
0.0647249
0.0840336
0.0182815
0.0769231
0.0621118
0
0.0757576
0.0527704
0.0900901
0.0621118
0.0873362
0.0784314
0.188679
0.0242718
0
0.0451467
0.0714286
0
0.0884956
0.0615385
0
0
0.0952381
0.0170503
0.0564972
0.0274348
0.0214592
0.0547945
0.0380952
0.190476
0.045045
0.0550964
0.037037
0.0729927
0.0346021
0.0625
0.0272851
0.0888889
0.0843882
0
0.0881057
0
0.0865801
0.0203666
0
0.0544959
0.0896861
0.0657895
0.0205128
0.4
0.08
0.0813008
0.0215517
0.0877193
0.0527704
0.194175
0.196078
0.0796813
0
0.0775194
0.190476
0.0952381
0.192308
0.0543478
0
0.0655738
0.0198807
0.190476
0.0682594
0.03663
0.0900901
0.178571
0.0209644
0.0182149
0.031746
0.0533333
0.0833333
0
0.027894
0.0724638
0.077821
0.0843882
0.196078
0.0628931
0.0847458
0.4
0.0917431
0.0754717
0
0.0390625
0.0413223
0.0847458
0.0943396
0.190476
0.0851064
0.0564972
0.0829876
0
0.0884956
0.0892857
0.0909091
0.0803213
0.0621118
0
0.0434783
0.0671141
0.0990099
0.0819672
0.0900901
0.0888889
0.0727273
0.0925926
0.0904977
0.0634921
0.0943396
0.0865801
0.0651466
0
0.0425532
0.0796813
0.0865801
0.0869565
0
0
0.0990099
0.0858369
0
0.0625
0.044843
0
0.0847458
0.192308
0.0436681
0.188679
0.0938967
0.0632911
0.0634921
0.0471698
0.0273973
0
0
0.0483092
0.0232829
0
0.060423
0.0904977
0.0117925
0.0508906
0.0930233
0.0186916
0.190476
0.0854701
0
0.0496278
0.0436681
0.0909091
0.192308
0.060423
0.083682
0.0320513
0.0877193
0.192308
0.0376648
0.0431034
0.0732601
0.0892857
0.0813008
0.00949668
0.0294985
0.0471698
0
0.0623053
0.0869565
0.0787402
0.0219298
0
0
0.0401606
0.0187266
0.0862069
0.0243013
0.060241
0.0784314
0.0680272
0.0892857
0.021645
0.0819672
0
0.08
0.186916
0.0904977
0.0784314
0.0888889
0.0180505
0
0.0961538
0.196078
0.0952381
0
0
0.0402414
0.0393701
0.0784314
0.192308
0.0793651
0.0947867
0.0732601
0.196078
0.0236407
0.0492611
0.0274348
0.0641026
0.0847458
0.0956938
0.0714286
0.0107066
0.0471698
0
0.0877193
0.0677966
0
0.192308
0.0884956
0.0896861
0
0.0840336
0.0803213
0.0881057
0.0809717
0
0.0943396
0.0657895
0.0315457
0.0917431
0
0.194175
0.0617284
0.190476
0.0823045
0.0816327
0.0769231
0.0888889
0.0900901
0
0.0904977
0.0881057
0.0722022
0
0.194175
0.0550964
0.031746
0
0.0330579
0.0153728
0
0.0581395
0.0840336
0.0917431
0.0623053
0.0843882
0.0749064
0.0854701
0.0847458
0.0858369
0.0900901
0.0273973
0.0763359
0.0833333
0
0.190476
0.0943396
0
0
0.0865801
0.0847458
0.0877193
0
0.0806452
0.0469484
0.0326264
0.190476
0.0823045
0.188679
0.0881057
0
0
0.08
0.188679
0
0.0262123
0.0473934
0.0884956
0.0179211
0.0806452
0.0421941
0.0803213
0.0858369
0.0917431
0.188679
0.0704225
0
0.021097
0.00683527
0.046729
0.0409836
0.0865801
0.0220022
0.0769231
0.0854701
0.2
0.0398406
0
0
0.00913659
0.194175
0.08
0
0.0947867
0.192308
0.0199005
0.0283286
0.0480769
0.0809717
0.0995025
0.0268097
0
0.0431034
0.0952381
0.0833333
0.083682
0.196078
0.0970874
0.0480769
0.0215054
0.0970874
0.0632911
0.188679
0.0355872
0.0401606
0.0862069
0.123457
0.0813008
0.0478469
0.0909091
0.0934579
0.077821
0.0925926
0.0843882
0.0840336
0.0362319
0.0900901
0
0
0
0.185185
0
0.0657895
0.130719
0.0995025
0.0138504
0.0943396
0.0862069
0.0966184
0.0816327
0.0293686
0.0298954
0.0873362
0
0.0760456
0.0600601
0.0485437
0.0904977
0.0913242
0.0772201
0.0858369
0
0.0829876
0.0673401
0.0896861
0.0438596
0.0082713
0.08
0.0843882
0
0.0884956
0.0904977
0.0383142
0.0743494
0.0970874
0
0.083682
0.0809717
0.097561
0.0468384
0.0896861
0.0623053
0.0847458
0
0.0438596
0.192308
0.190476
0.0554017
0.0851064
0.190476
0.0943396
0
0.0865801
0.0793651
0.0343643
0.0346021
0.0701754
0.083682
0.0666667
0.194175
0.0873362
0.0760456
0.0819672
0.0258398
0.192308
0.190476
0.0847458
0.0888889
0.077821
0.035461
0.0396825
0.0925926
0.0514139
0.0269542
0.0925926
0.0694444
0
0.190476
0.0641026
0.0444444
0.0862069
0.2
0.0378788
0.185185
0.0157853
0.19802
0.0909091
0.0117509
0.058309
0
0.0888889
0.0858369
0
0.083682
0.0796813
0.0956938
0.0934579
0.0469484
0.056338
0.0689655
0
0.0843882
0.078125
0.0873362
0.0900901
0
0.0961538
0.190476
0.0790514
0.0921659
0.0869565
0.0829876
0.0952381
0.0961538
0.038835
0.0881057
0.0943396
0.0576369
0.0628931
0.0938967
0.047619
0.0267738
0.0735294
0.031746
0.0421941
0.0961538
0
0.0760456
0.0803213
0
0.0471698
0.0961538
0.294118
0.0900901
0.0651466
0.0743494
0.0330033
0.042735
0.044843
0.0896861
0.0766284
0.0934579
0.0787402
0.196078
0.0763359
0.0930233
0
0.0273598
0.0854701
0.0865801
0.0843882
0.0729927
0
0
0.0311042
0
0.0829876
0.0561798
0
0.0638978
0.0634921
0.0277008
0.0816327
0.0478469
0.0632911
0
0.0271003
0.0900901
0.0847458
0.0917431
0.0353357
0
0.097561
0.190476
0.0819672
0.0884956
0.0854701
0
0.0847458
0
0.192308
0.0724638
0.0403226
0.0823045
0.0384615
0.0291971
0.0775194
0.0174216
0
0
0.0823045
0
0.192308
0.083682
0.0383142
0.0869565
0.016
0.0869565
0.0392157
0.0384615
0.047619
0.0696864
0.0934579
0.0847458
0.0803213
0.0775194
0.0423729
0.186916
0.0934579
0.0869565
0.0892857
0.0851064
0.0609756
0.0478469
0.0925926
0.075188
0.044843
0.0840336
0.0689655
0.0653595
0.0873362
0
0.192308
0.0851064
0.0952381
0.0793651
0.0840336
0
0
0.0632911
0.0877193
0.0235571
0.0904977
0
0.0803213
0.0934579
0
0.0623053
0.0787402
0.0606061
0.0306748
0.194175
0.0790514
0.186916
0.0446429
0.0823045
0.0634921
0.0404858
0.0925926
0.0225734
0.0238949
0.0343643
0.0847458
0.021692
0
0.0436681
0.285714
0.0632911
0.0934579
0.0873362
0
0.057971
0.0913242
0.0904977
0.0873362
0.0913242
0.0961538
0.083682
0.0288184
0.0816327
0.0649351
0.021645
0.0806452
0.021978
0.196078
0
0.0909091
0.4
0.08
0.070922
0.0921659
0.0909091
0.0613497
0.0913242
0.192308
0.0626959
0.046729
0.0826446
0.188679
0
0.026738
0.0826446
0.0943396
0.0784314
0.0645161
0.0943396
0.186916
0.0869565
0.188679
0
0.0641026
0.0833333
0.0689655
0.0414938
0.0793651
0
0.0641026
0.0213447
0.0224215
0.0819672
0.4
0.194175
0.0985222
0.0641026
0.0829876
0.0819672
0.4
0.0100705
0.0858369
0
0.0904977
0.0881057
0.0961538
0.0222222
0.0787402
0
0.0446429
0.0375235
0.0446429
0.0529101
0.0722022
0.0306748
0.0961538
0.0947867
0.0638978
0.0766284
0
0.0873362
0
0.0865801
0.0900901
0.0285714
0.0760456
0.0475059
0.0382409
0.0909091
0.0749064
0.0803213
0
0.0144928
0.0930233
0.0896861
0.0584795
0
0
0.0921659
0.0970874
0.0440529
0.0833333
0.0628931
0.083682
0.0615385
0.00821693
0.204082
0.0851064
0
0
0
0.0121951
0.0966184
0.0201207
0.0881057
0.0819672
0.0813008
0.083682
0.0829876
0.0641026
0.0934579
0.0290698
0
0.186916
0.0444444
0.0829876
0.043956
0
0.0843882
0.0930233
0.042735
0.25
0.196078
0.0829876
0
0.0255102
0.0743494
0.0270636
0
0.0740741
0.0952381
0.0896861
0.0823045
0.0743494
0.0862069
0
0.0913242
0
0.0384615
0.0133067
0.194175
0.0884956
0.0925926
0.0784314
0.0729927
0.0823045
0.0819672
0.0626959
0.0769231
0.0896861
0.0851064
0.0655738
0.00876424
0.0266312
0.0634921
0.00788022
0.0877193
0.0666667
0.0120192
0.0921659
0.0638978
0
0.0921659
0.190476
0.0865801
0.0386847
0.0896861
0.08
0.0823045
0.0444444
0.0892857
0
0.190476
0.0913242
0.0847458
0.0434783
0.0634921
0.0790514
0.0301659
0.0888889
0.0961538
0.0278552
0.1
0.0884956
0
0.0892857
0.0396825
0.021322
0
0.0851064
0.0961538
0
0.057971
0.0858369
0.0675676
0.0938967
0.0930233
0.0865801
0.0716846
0.027933
0
0.0606061
0.04329
0.0232558
0.0865801
0.0925926
0
0.0342466
0.0398406
0.0823045
0.0175439
0.0930233
0.192308
0
0.0961538
0.190476
0.0934579
0
0.0892857
0.0843882
0.0743494
0.0854701
0.0925926
0.0809717
0.0869565
0.0543478
0
0.0843882
0.190476
0.0877193
0.0803213
0.0862069
0.102564
0.0406504
0.0823045
0.0749064
0.0150038
0.0917431
0.0772201
0.194175
0.0869565
0.0796813
0.0766284
0.0892857
0
0.0651466
0.0185185
0.0749064
0.056338
0.0479616
0.0896861
0.0790514
0.0869565
0.0904977
0.0675676
0.0760456
0.0527704
0.058651
0.0302572
0.0847458
0.0621118
0.0218341
0.0877193
0.0990099
0.0869565
0.0249688
0.0440529
0.0677966
0.0327869
0.0913242
0
0.0436681
0.0216216
0
0.0985222
0.194175
0.0280505
0.0952381
0.0851064
0.0888889
0.0862069
0.0826446
0.0203666
0.0754717
0.0900901
0.0925926
0.0699301
0.0865801
0.0298954
0.0634921
0.0409836
0.0869565
0.0862069
0.0400802
0.0615385
0.0122624
0.02849
0.0990099
0
0.0393701
0.0668896
0
0.0389105
0.0806452
0.0292398
0
0.0925926
0.192308
0.0943396
0
0.0223214
0.0746269
0.0943396
0.196078
0.0961538
0.0823045
0.0904977
0.0454545
0.0913242
0.0278552
0.0760456
0.0389864
0.0213675
0
0.0239234
0.0938967
0.0943396
0.0873362
0.0858369
0.0716846
0.0917431
0.4
0.0729927
0.0934579
0
0.0204499
0.0966184
0.0423729
0.0913242
0.0869565
0.034965
0.0727273
0.0847458
0.0714286
0.0980392
0
0.0760456
0.0793651
0
0.0727273
0.044843
0
0.0970874
0.0692042
0.0956938
0.078125
0
0.0925926
0.0787402
0.0540541
0.0487805
0.0292398
0.0401606
0.0244798
0.0934579
0.04
0.0881057
0.0900901
0.0956938
0.0173611
0.0653595
0.0921659
0.0740741
0.0888889
0.0909091
0.0265252
0
0.0970874
0.0843882
0.188679
0.0316456
0.0884956
0.0668896
0
0.0416667
0.0970874
0.0641026
0.0763359
0.0854701
0.194175
0.083682
0.0840336
0.0420168
0.0851064
0.0952381
0.0881057
0.0193237
0.0487805
0.19802
0.0877193
0.046729
0.08
0.0854701
0.0930233
0.0858369
0
0.0215054
0.0877193
0.0865801
0.0980392
0.0833333
0.0881057
0.0925926
0.0647249
0.097561
0.0325733
0.0727273
0.0930233
0.196078
0
0.0636943
0.0826446
0.0116618
0.0757576
0.0510204
0.0740741
0.0980392
0.097561
0.0320513
0.0970874
0.0224719
0
0.196078
0.0682594
0.0555556
0.0632911
0.044843
0.0909091
0
0.0904977
0.0383142
0.0873362
0.192308
0
0.0746269
0.0840336
0.0117786
0.0900901
0.01
0.0775194
0
0.0643087
0.0655738
0.077821
0.0917431
0.100503
0.0896861
0.0454545
0
0.0952381
0.0892857
0.0473934
0.0396825
0.0180018
0.192308
0.194175
0.194175
0.0921659
0.0374532
0.0813008
0.0881057
0.0819672
0.0970874
0.030722
0.0286944
0.0952381
0.0469484
0.04
0.0641026
0.0858369
0.0471698
0.0660066
0.1
0.196078
0.0917431
0.0970874
0.102041
0.173913
0.0784314
0.0384615
0.0680272
0
0.0952381
0.0470588
0.0980392
0.0909091
0.0980392
0.0961538
0.027894
0.0657895
0.0892857
0.0793651
0.0284495
0.0757576
0.0253485
0.0177778
0.0434783
0.0597015
0.0869565
0.0896861
0
0.0943396
0.0892857
0.0651466
0.0943396
0.0930233
0.0881057
0.0873362
0.0892857
0.0362319
0.0854701
0.0952381
0.0980392
0.0909091
0.0398406
0.153846
0.0182315
0.0632911
0.0938967
0.0716846
0.0961538
0.0904977
0.0888889
0.0526316
0
0.0925926
0.194175
0.0943396
0
0.0104822
0.0877193
0.0851064
0.0662252
0.0881057
0.0873362
0.0408163
0.037037
0.0167926
0.0961538
0
0.0632911
0
0.0847458
0
0.0925926
0.190476
0.19802
0.0865801
0.0934579
0.0840336
0.0787402
0.015015
0.0162866
0.0454545
0
0
0
0.0934579
0.0881057
0.0143266
0.0934579
0.0873362
0.0896861
0.0921659
0.194175
0.0943396
0.0884956
0.196078
0.0803213
0.0854701
0.0749064
0.0869565
0.00938527
0
0.0843882
0.0888889
0.0966184
0.0840336
0.190476
0.0917431
0.0840336
0.0896861
0.190476
0.194175
0.20202
0.0934579
0
0.196078
0.0995025
0
0
0.0943396
0.0917431
0.192308
0.0952381
0.0943396
0.0833333
0.0416667
0.0816327
0.0619195
0.0732601
0.0851064
0.0881057
0.0892857
0.0829876
0.0865801
0.0854701
0.0259067
0
0.194175
0.070922
0.0261097
0.0888889
0.0869565
0.0869565
0.0896861
0.0858369
0.0826446
0.0250313
0.0772201
0.0917431
0.0896861
0
0.192308
0.196078
0.0645161
0.078125
0.0925926
0.0938967
0.102564
0.194175
0.0873362
0.0383877
0.0925926
0.0276243
0.0647249
0.0436681
0.0884956
0.0408163
0.196078
0.0847458
0.192308
0
0.0273973
0.0326797
0.0896861
0.0913242
0.0452489
0.0641026
0.0851064
0.0362319
0.0823045
0.0823045
0.0851064
0.0769231
0.0843882
0.0888889
0.0938967
0.0888889
0.0483092
0.190476
0.0826446
0.0869565
0.0917431
0.0819672
0
0.0179211
0.0813008
0.0925926
0.0934579
0.0615385
0.0380228
0
0.0847458
0.0854701
0.190476
0.0634921
0.0956938
0.0560224
0.0793651
0.0888889
0.011325
0.0934579
0.19802
0.0735294
0.0816327
0.0961538
0.0671141
0.0694444
0.0896861
0.075188
0.192308
0.0858369
0.0888889
0.0862069
0.194175
0.0881057
0.0970874
0.04329
0.0917431
0.0995025
0.0619195
0.026455
0.0930233
0.0904977
0.0921659
0.0873362
0.0766284
0.0833333
0.0787402
0.0434783
0.0383877
0.0796813
0.0793651
0.0865801
0.0431034
0.0952381
0.0403226
0.0823045
0.0904977
0.0873362
0.0239234
0.0934579
0.0862069
0.025641
0
0.011534
0.1
0.0480769
0.0913242
0.027972
0.0925926
0.0384615
0.194175
0.0904977
0
0.0816327
0.0873362
0.0896861
0.0904977
0.194175
0.0641026
0.08
0.0271003
0.0813008
0.0884956
0.0823045
0.0454545
0.0682594
0.0884956
0.0843882
0.0858369
0.0760456
0.0395257
0.0224719
0.0105152
0.0952381
0
0.0900901
0.0896861
0.0930233
0.0917431
0.078125
0.0952381
0.0947867
0.0862069
0.0480769
0
0.0909091
0.0716846
0.0961538
0.0952381
0.196078
0.0289017
0.0803213
0.0444444
0.0934579
0.0851064
0.0943396
0.0775194
0.0480769
0.0638978
0
0.19802
0.0167926
0.188679
0.0904977
0.00973236
0.196078
0.0934579
0.0884956
0.0913242
0.0265252
0.0694444
0.0930233
0.0980392
0.0304878
0.0784314
0
0.0873362
0.0925926
0
0.0826446
0.0128205
0.0199601
0.0694444
0.0413223
0.075188
0.0696864
0.0740741
0.0638978
0.196078
0.0452489
0.0645161
0.0925926
0.0961538
0.13245
0.0732601
0.0819672
0.0888889
0
0.0892857
0.0865801
0.0858369
0.0673401
0.0803213
0.194175
0.0626959
0.0934579
0.0790514
0.0888889
0.0943396
0.0280112
0.0833333
0.0763359
0.0909091
0.186916
0.0511509
0.0796813
0
0.0806452
0.0904977
0.0865801
0.13245
0.0471698
0.392157
0.4
0.102041
0.0840336
0.0647249
0.0934579
0.0833333
0.0684932
0.0803213
0.0909091
0.0149031
0.0268456
0.0930233
0.0961538
0.192308
0.119048
0.058309
0.0930233
0.0634921
0.0803213
0.0621118
0.08
0.0485437
0.0877193
0.0909091
0.190476
0.0533333
0.0132714
0.0403226
0.166667
0.0694444
0.0925926
0.0167224
0.0297619
0.0454545
0.0934579
0.0473934
0.0930233
0.0909091
0.0809717
0.0253485
0.0851064
0.0904977
0.0896861
0.0247525
0.0790514
0.194175
0
0.0881057
0.0913242
0.188679
0.0854701
0.02849
0.017094
0.0869565
0.19802
0.0823045
0.0847458
0.0888889
0.044843
0.0653595
0.030303
0.0930233
0.0938967
0.0198807
0.0611621
0.0877193
0.0952381
0.0896861
0.0865801
0.0888889
0.0364964
0.0826446
0.0862069
0.190476
0.045045
0.0460829
0.0116077
0.0970874
0.0952381
0.0829876
0.0970874
0.0869565
0.0900901
0.0956938
0.0478469
0.0840336
0.0400802
0.0222222
0.0763359
0.042735
0.0278552
0.0909091
0.0851064
0.0938967
0.0840336
0.0904977
0.0699301
0.0873362
0.0862069
0.0490196
0.0909091
0.0333333
0.0621118
0.0660066
0.0980392
0.0980392
0.0671141
0.0645161
0.0355872
0.0809717
0
0.0952381
0.0819672
0.0840336
0.0769231
0.0295858
0
0.03663
0.0454545
0.0273973
0.0888889
0.190476
0.0925926
0.0952381
0.0909091
0.0934579
0.190476
0.0179051
0.0843882
0.0706714
0.0793651
0.0840336
0.0382409
0.0309598
0.083682
0.0943396
0.0930233
0.0947867
0
0.0930233
0.0342466
0.0473934
0.083682
0.083682
0.194175
0.0722022
0.0382409
0.0787402
0.0440529
0.00974184
0.0854701
0.0434783
0.0913242
0.0865801
0.0589971
0.192308
0
0.0384615
0.0343053
0
0.0735294
0.0176056
0.0704225
0.0896861
0.0343643
0.133333
0.0930233
0.0854701
0.19802
0
0.0362319
0.0823045
0.0843882
0.0458716
0.0970874
0.192308
0.0990099
0.0943396
0.083682
0.0966184
0.0970874
0.0930233
0.0943396
0.194175
0.0934579
0.0429185
0.186916
0.0961538
0
0.0854701
0.097561
0.194175
0.0277393
0.0884956
0.0909091
0.0218818
0
0.190476
0.0749064
0.1
0.0913242
0.083682
0.0869565
0.0411523
0.192308
0.0947867
0.196078
0.0446429
0.0943396
0.0829876
0.0930233
0.0917431
0.0869565
0.0431034
0.0775194
0.2
0.0803213
0.0458716
0.0454545
0.0161031
0
0.0938967
0.0416667
0.0877193
0.0896861
0.0645161
0.194175
0.0873362
0.0766284
0.0930233
0.0840336
0.0250313
0.0840336
0.0179051
0.0634921
0.0436681
0.0921659
0.0851064
0.192308
0.0921659
0.0803213
0.0760456
0.0909091
0.19802
0.0255428
0.192308
0.0943396
0.196078
0
0.0862069
0.0904977
0
0.0865801
0.0851064
0.0772201
0.194175
0.0877193
0.0416667
0.0917431
0.0892857
0.0738007
0.0865801
0.192308
0
0.0877193
0.194175
0.0892857
0.0197239
0.0561798
0.0892857
0.0241546
0.0704225
0.0809717
0
0.0877193
0.0961538
0.0865801
0.0796813
0.0191939
0.0854701
0.0634921
0.0847458
0.0769231
0.0283688
0.0862069
0.0896861
0.0267738
0.0305344
0.08
0.042735
0.0215054
0.0301205
0.0431034
0.0888889
0.0904977
0.0436681
0.206186
0.0454545
0.0638978
0.100503
0.0813008
0.0287356
0.133333
0.0434783
0.0454545
0.0226757
0
0.0930233
0.0938967
0.0473934
0.186916
0.0809717
0.030303
0.0289855
0.13245
0.0176678
0.0729927
0.0694444
0.0921659
0.0645161
0.0431034
0.0675676
0.0173461
0.0199402
0.0420168
0.0460829
0
0.188679
0.0840336
0
0.0609756
0.0990099
0.0746269
0.0190114
0.0273224
0.192308
0.0809717
0.0881057
0.0909091
0.0892857
0.0634921
0.0473934
0.0289436
0.2
0.194175
0.196078
0
0.0465116
0.0877193
0.0909091
0.0947867
0.0934579
0.0666667
0.0735294
0.0729927
0.0819672
0.0970874
0.0961538
0.0729927
0.0416667
0.0843882
0.0865801
0.0507614
0
0.0766284
0.0873362
0.0766284
0.190476
0
0.0900901
0.0913242
0.0452489
0.0904977
0.0952381
0.194175
0.097561
0.0763359
0.0460829
0.0763359
0.0353982
0.0930233
0.196078
0.0877193
0.0851064
0.0913242
0.0304414
0.188679
0.0943396
0.083682
0.0826446
0.0961538
0.0904977
0.0858369
0
0.0311526
0.194175
0.0442478
0.0188501
0.0930233
0.078125
0.0314465
0.0456621
0.0961538
0.0881057
0.0909091
0.19802
0.0619195
0.0917431
0.0387597
0.0178571
0.0925926
0
0.0668896
0.196078
0.194175
0.021692
0.117647
0.0877193
0.0462963
0.194175
0.0896861
0.075188
0.0623053
0.0735294
0.0943396
0.0287356
0.0706714
0.0364964
0.0379507
0.0869565
0.0772201
0.0790514
0.0930233
0.00951022
0.0465116
0.0549451
0.0278164
0.0904977
0.030722
0.0819672
0.0896861
0.0406504
0.0806452
0.0184672
0.192308
0.0869565
0.0302572
0.0943396
0.0819672
0.0869565
0.0438596
0.0729927
0.0485437
0.0246305
0.0961538
0.0401606
0.0240385
0.0180668
0.114943
0.0884956
0.0823045
0.194175
0.0970874
0.0757576
0.0930233
0
0.0934579
0.0231214
0.0790514
0.0617284
0.0917431
0.192308
0.0947867
0
0.0934579
0.194175
0.0442478
0.0956938
0.194175
0
0.19802
0.0829876
0.0823045
0.0869565
0.0806452
0.0806452
0.0471698
0.196078
0.0854701
0.0888889
0.0943396
0.0220264
0.0970874
0.0956938
0.0357782
0
0.0858369
0.0847458
0.0900901
0.0925926
0.0862069
0.0316957
0.0943396
0.0796813
0.0740741
0.0833333
0.0309598
0.044843
0.0498753
0.0909091
0.0930233
0.0204499
0.025413
0.0854701
0.070922
0.0312989
0.0934579
0.0896861
0
0.0809717
0.0462963
0.078125
0.0930233
0.0228311
0.0347222
0.0283286
0.0930233
0.0934579
0.044843
0.0840336
0.0175131
0.0896861
0.0826446
0.0660066
0.0816327
0.0938967
0
0.0754717
0.0647249
0.0312989
0.0843882
0.04329
0.0913242
0.0714286
0.046729
0.0884956
0.0660066
0.03125
0.0938967
0.0847458
0.0660066
0.0970874
0.0995025
0.0740741
0
0.0956938
0.0873362
0.0917431
0.0309598
0.0925926
0.188679
0.0947867
0.0888889
0.0873362
0.0938967
0.0900901
0.0743494
0
0.083682
0.0384615
0.0921659
0.0862069
0.0442478
0.0819672
0.0619195
0.0892857
0.0909091
0.0938967
0.192308
0.0390625
0.0826446
0.0896861
0.19802
0.0847458
0.0321543
0.0176056
0.0645161
0.0675676
0.0145773
0.0943396
0.0819672
0.0881057
0.0471698
0
0
0.041841
0.0487805
0.0746269
0.0925926
0.0865801
0.0858369
0.0215517
0.0651466
0.0934579
0.0809717
0.0766284
0.0677966
0.0826446
0.0462963
0.0819672
0.0904977
0.0892857
0.0485437
0.0292398
0.0869565
0.0938967
0.0434783
0.0823045
0
0.0840336
0.0188324
0
0.0833333
0.0294985
0.0420168
0.083682
0.077821
0.0314465
0.0881057
0.0917431
0.0288184
0.0819672
0.196078
0.0966184
0.0534759
0.0219298
0.0760456
0.0930233
0.0454545
0.0829876
0.0934579
0.0925926
0.0169062
0.0483092
0.192308
0.0478469
0.13245
0.0840336
0.192308
0.0130039
0.0743494
0.0900901
0.0480769
0.0877193
0.0304414
0.0826446
0.0701754
0.0496278
0.0884956
0.196078
0.0337838
0.0306748
0.097561
0.0900901
0.0995025
0.0113572
0.0851064
0.0169492
0.0316957
0
0.078125
0.047619
0.047619
0.0873362
0.0943396
0.0641026
0.0790514
0.0980392
0.0862069
0.0943396
0.0970874
0.0966184
0.0790514
0.0917431
0.0179051
0.0881057
0.190476
0
0.0892857
0
0.0925926
0.0900901
0.0297619
0.0913242
0.0806452
0.196078
0.0925926
0.0278552
0.0440529
0.0888889
0.0311526
0.0851064
0.0823045
0.0151057
0
0.0760456
0.0943396
0.010661
0.0436681
0
0.192308
0.10582
0.0896861
0.0727273
0.0813008
0.0303951
0.08
0.0183486
0.0900901
0.285714
0.0452489
0.0995025
0.19802
0.0806452
0.194175
0.194175
0.0847458
0.0110254
0.0261097
0.0888889
0.0961538
0.100503
0.0104767
0.0869565
0.0966184
0.0956938
0.2
0.0813008
0.0591716
0.0938967
0.0884956
0
0.0904977
0.0952381
0.194175
0.0735294
0.0210084
0.0315457
0
0.0184162
0
0.038835
0.0242131
0.0584795
0.0934579
0.0943396
0.0819672
0.0917431
0
0.0760456
0.0749064
0.0403226
0.196078
0.0892857
0.0456621
0.070922
0.178571
0.0757576
0.0471698
0.0743494
0.037594
0.0966184
0.0632911
0.0896861
0.0366972
0.0904977
0.0425532
0.041841
0.0806452
0.0293255
0.194175
0.0884956
0.0896861
0.0869565
0.0564972
0.0660066
0.196078
0.0956938
0.0487805
0.0199203
0.0961538
0.0660066
0.0749064
0.196078
0.0970874
0.0175439
0.0809717
0.2
0.0862069
0.0328947
0.0218341
0.0843882
0
0.0904977
0.0816327
0.194175
0.0966184
0.0194175
0.0152439
0.0803213
0
0.0865801
0.0896861
0.0930233
0.0438596
0.0990099
0.0307692
0.192308
0.0970874
0.0904977
0.0909091
0.192308
0.0826446
0.049505
0.0766284
0
0.196078
0.0829876
0.0843882
0.0913242
0.0641026
0.0291971
0.0130804
0.0947867
0.031746
0.0454545
0.19802
0.0909091
0
0.0892857
0.0995025
0.0411523
0.0275482
0.0851064
0.0888889
0.0873362
0.0763359
0.0877193
0.0240385
0.0242424
0.0724638
0.0934579
0.0900901
0.0869565
0.0823045
0.0980392
0.0909091
0.044843
0.0271003
0.0766284
0.0243309
0.0952381
0.0873362
0.0869565
0.0547945
0.0766284
0.192308
0.190476
0.0921659
0.0925926
0.192308
0.0389105
0.0787402
0.0716846
0.0760456
0.044843
0.0925926
0.0784314
0.0297177
0.196078
0.0952381
0.190476
0.0865801
0.0970874
0.0961538
0.0641026
0.0921659
0.0862069
0.0469484
0.0302572
0.031746
0.0769231
0.0980392
0.0892857
0.041841
0.194175
0.0840336
0.0925926
0.294118
0.027894
0.0706714
0.0769231
0.0308642
0.0884956
0.0913242
0.0913242
0.0943396
0.194175
0.0881057
0.083682
0.0934579
0.0877193
0.0743494
0.0437637
0.0420168
0.0851064
0.0647249
0.0913242
0.0966184
0.186916
0.0671141
0.196078
0.0382409
0.0442478
0.0970874
0.0900901
0.0749064
0.0473934
0.0416667
0.0934579
0
0.0943396
0.0647249
0.0840336
0
0.0295858
0.0854701
0.0760456
0.0302572
0.0934579
0.194175
0.0511509
0.0384615
0.0909091
0.0909091
0.0934579
0.0881057
0
0.0881057
0.0873362
0.0947867
0.2
0.0819672
0.0934579
0.0403226
0.0930233
0.0943396
0.0826446
0.186916
0.078125
0.0735294
0.192308
0
0.0913242
0.0877193
0.0858369
0.0913242
0.0938967
0.0803213
0.0324675
0.0980392
0.194175
0.0473934
0
0.018315
0.194175
0.0947867
0.0970874
0.0655738
0.0881057
0.0904977
0.0840336
0.0896861
0.0816327
0.0793651
0.0420168
0.0790514
0.0809717
0.0724638
0.0980392
0.0909091
0.0134409
0.0938967
0.0809717
0.0881057
0.0384615
0.045977
0.0334448
0.0634921
0.0645161
0.0787402
0.0888889
0.194175
0.0896861
0.0480769
0.196078
0.08
0.0154083
0.0961538
0.0819672
0
0.0913242
0.0900901
0.0892857
0.1
0.0204499
0.0483092
0.0925926
0.0900901
0.0990099
0.0170794
0.0265604
0.0847458
0.0660066
0.100503
0.0170213
0.0454545
0.0473934
0
0.196078
0
0.194175
0.0909091
0
0.0990099
0.078125
0.0925926
0.0301205
0.0227273
0.0917431
0.0990099
0.0888889
0.0930233
0.0803213
0.0212766
0.0930233
0.0900901
0.0458716
0.0833333
0.0943396
0.015083
0.13245
0.0854701
0.0421941
0
0.0961538
0.0970874
0.078125
0.0851064
0.0909091
0.0485437
0.0829876
0.0956938
0.0490196
0.0925926
0.097561
0.0647249
0.0888889
0.0900901
0.0917431
0.0943396
0.0873362
0.0909091
0.0858369
0.0803213
0.0900901
0.0881057
0.02849
0.0917431
0.0877193
0.0956938
0.0917431
0.192308
0.0471698
0.0904977
0.0917431
0.0961538
0.0645161
0.0843882
0.0938967
0.0980392
0.196078
0.0881057
0.0389864
0.194175
0.0408163
0.0746269
0.0961538
0.0442478
0
0
0.0925926
0.0925926
0.0909091
0.0877193
0.0854701
0.196078
0.0638978
0.0757576
0.0217865
0.13245
0.0411523
0.0675676
0.0921659
0.0311042
0.0413223
0.0628931
0.0371747
0.0877193
0.0809717
0.0735294
0.194175
0.032
0.0406504
0.0485437
0.0647249
0.194175
0.0970874
0.19802
0.196078
0.0943396
0.196078
0.0813008
0.0952381
0.0913242
0.0956938
0.0869565
0.0900901
0.0487805
0.0956938
0.0847458
0.0892857
0.0961538
0.0925926
0.0434783
0.0956938
0.0877193
0.196078
0.185185
0.0323625
0.0888889
0.0847458
0.0913242
0.0892857
0.0772201
0.0913242
0.0970874
0.00816993
0.0913242
0.0934579
0.0930233
0.194175
0.104712
0.0896861
0.078125
0.0287356
0.0471698
0.00995025
0.0645161
0.0862069
0.0389864
0.0387597
0.0869565
0.0473934
0.0943396
0.0323102
0.018622
0.0746269
0.0943396
0.0904977
0.0806452
0.0881057
0.0492611
0.0884956
0.0133245
0.0970874
0.100503
0
0.0896861
0.0896861
0.0843882
0.0938967
0.0952381
0.172414
0.0961538
0.194175
0.0956938
0.0990099
0.0961538
0.0790514
0.0162866
0
0.0985222
0.0823045
0.107527
0.19802
0.0286123
0.0516796
0.0290698
0.0854701
0.0888889
0.0904977
0.0947867
0
0.0896861
0.0913242
0.0925926
0.0854701
0.0790514
0.0434783
0.100503
0.0833333
0.0985222
0.0909091
0.0833333
0
0.190476
0.0970874
0.0847458
0.0291971
0.0947867
0.416667
0.0847458
0.0784314
0.0194553
0.0306748
0.0877193
0.0480769
0.0851064
0.0956938
0.0913242
0.0321543
0.194175
0.194175
0.0754717
0.0943396
0.0947867
0.0454545
0.0843882
0.0966184
0
0.0379507
0.0623053
0.0943396
0.0840336
0.0641026
0.0881057
0.196078
0.0888889
0.0970874
0.0854701
0.196078
0.0634921
0.194175
0.0379507
0.0487805
0.0492611
0.0833333
0.032
0.0469484
0.0938967
0.196078
0.0840336
0
0.029985
0.0813008
0.0925926
0.0487805
0.08
0.0888889
0.0888889
0.0819672
0.058651
0.0308642
0.0142045
0.0390625
0.0840336
0.196078
0.0877193
0.097561
0.0843882
0.0904977
0.196078
0.0308166
0.0492611
0.0843882
0.0803213
0.0816327
0.0727273
0.0275482
0.0469484
0.0651466
0.194175
0.0900901
0.0854701
0.4
0.0909091
0.0877193
0.049505
0.0293255
0.0651466
0.0966184
0.0896861
0.0170213
0.0132188
0.0171233
0.0966184
0.019305
0.0440529
0.0809717
0.0389864
0.075188
0.0930233
0.0641026
0.0434783
0.0429185
0.0873362
0.0909091
0.0214133
0.0938967
0
0.0917431
0.0675676
0.0909091
0.0497512
0.0925926
0.0766284
0.194175
0.0595238
0.0305344
0.0865801
0.0456621
0.0865801
0.0746269
0.0452489
0.0888889
0.0851064
0.0943396
0.0150716
0.0182648
0.0952381
0.0440529
0.0462963
0.0970874
0.0952381
0.0913242
0.045045
0.0746269
0.0137363
0.0990099
0.0970874
0.0892857
0.0877193
0.0917431
0.188679
0.0478469
0.0877193
0.0176523
0.0772201
0.0947867
0.0966184
0.0383142
0.0862069
0.0214362
0.0862069
0.0277393
0.0784314
0.0934579
0.0873362
0.0167785
0.0524934
0.0938967
0.0938967
0.194175
0.10101
0.0921659
0.0873362
0.0301205
0.0862069
0.0454545
0.0722022
0.0938967
0.0970874
0.0843882
0.192308
0.0869565
0.190476
0.0460829
0.0869565
0.0877193
0.0176991
0.194175
0.196078
0.0480769
0.0952381
0
0.0966184
0.0287356
0.0909091
0.0921659
0.194175
0.038835
0.20202
0.0840336
0.0169924
0.0185185
0.0126984
0.0225734
0.0913242
0.0787402
0.0819672
0.0224215
0.0485437
0.021978
0.0970874
0.0858369
0.03861
0.196078
0.0904977
0.0277393
0.0460829
0
0.0980392
0.0888889
0.196078
0.0917431
0.0647249
0.0904977
0.0892857
0.0161812
0.0904977
0.0865801
0
0
0.0952381
0.0796813
0.0184843
0.0230415
0.0961538
0.0900901
0.196078
0.0913242
0.185185
0.0829876
0.0952381
0.0913242
0.0970874
0.0638978
0.0438596
0.0909091
0.0727273
0.0377358
0.046729
0.0900901
0.0492611
0.0858369
0.075188
0.0851064
0.0865801
0.0970874
0.0862069
0.0943396
0.058309
0.0858369
0.0840336
0.0877193
0.0858369
0.0884956
0.0884956
0.0858369
0.029985
0.0429185
0.0873362
0.0900901
0.0480769
0.0858369
0.0896861
0.194175
0.0386847
0.0892857
0.0947867
0.0105597
0.0231481
0.0877193
0.196078
0
0.0858369
0.0925926
0.0847458
0.0682594
0.392157
0.0970874
0.0892857
0.0980392
0.0211416
0.00727802
0.0896861
0.196078
0.0156006
0.0970874
0.2
0.0308642
0.0793651
0.0677966
0.2
0.0956938
0.0178412
0.0970874
0.0829876
0.0673401
0.0298954
0.0980392
0.0262123
0.0847458
0.083682
0.0813008
0.0803213
0.0892857
0.196078
0.0315956
0.0714286
0.0913242
0.103627
0.0938967
0.196078
0.0970874
0.2
0.0884956
0.0442478
0.0573066
0.0943396
0.0813008
0.0925926
0.0985222
0.0892857
0.083682
0.0277778
0.0921659
0.042735
0.0647249
0.0947867
0.0378788
0.0823045
0.196078
0.0485437
0.0980392
0.0421941
0.0854701
0.0921659
0.0925926
0.0909091
0.097561
0.0840336
0.0444444
0.0234192
0.0170213
0.0383142
0.075188
0.0806452
0.0803213
0.0952381
0.196078
0.0930233
0.0641026
0.0990099
0.0966184
0.0319489
0.0440529
0.0645161
0.0696864
0.0796813
0.0947867
0.0847458
0.0888889
0.0102564
0.0823045
0.0249377
0.0947867
0.0952381
0.0877193
0.0823045
0.0816327
0.0833333
0.0445434
0.0647249
0.0952381
0.194175
0.0909091
0.0952381
0.0925926
0.0403226
0.0462963
0.0840336
0.0171233
0.0746269
0.0124688
0.0909091
0.0909091
0.0483092
0.194175
0.0159236
0.0480769
0.0913242
0.0970874
0.0166251
0.0819672
0.0930233
0.19802
0.1
0.136986
0.0440529
0.0840336
0.03861
0.0387597
0.0862069
0.0904977
0.19802
0.0995025
0.0904977
0.183486
0.0566572
0.105263
0.0877193
0
0.0921659
0.0865801
0.0383142
0.0938967
0.0966184
0.0296296
0.0913242
0.0840336
0.0483092
0.0826446
0.0460829
0.0947867
0.0917431
0.052356
0.0638978
0.0854701
0.0212993
0.0819672
0.0921659
0.0943396
0.0980392
0.083682
0.0938967
0.0980392
0.0297177
0.0892857
0.0888889
0.0961538
0.0311042
0.0840336
0.0766284
0.0386847
0.0326797
0.194175
0.0510204
0.0877193
0.0917431
0.05
0.0446429
0.0884956
0.0900901
0.0458716
0.0943396
0.0913242
0.0222717
0.408163
0.0888889
0.0884956
0.0193237
0.0233645
0.0938967
0.0293686
0
0.023753
0.0272109
0.0168492
0.194175
0.0888889
0.0290698
0.0888889
0.192308
0.0917431
0.0896861
0.0900901
0.029985
0.0260756
0.0925926
0.0240964
0.0865801
0.0970874
0.0829876
0.104167
0.0234192
0.0873362
0.022779
0.00814001
0.0641026
0.0293255
0.046729
0.0873362
0.0833333
0.194175
0.1
0.196078
0.0921659
0
0.19802
0.0487805
0.0865801
0.0840336
0.0176835
0.0784314
0.0961538
0.0892857
0.0187266
0.0819672
0.0930233
0.0966184
0.0524934
0.114943
0.0900901
0.027894
0.0938967
0.00869943
0.0442478
0.0952381
0.0865801
0.0881057
0.0900901
0.0380228
0.0182648
0.194175
0.0819672
0.0425532
0.0930233
0.0716846
0.0480769
0.0917431
0.0884956
0.0877193
0.046729
0.0483092
0.0446429
0.0892857
0.0806452
0.0896861
0.0224719
0.0881057
0.0471698
0.012945
0.0904977
0.0647249
0.0892857
0.0956938
0.083682
0.0653595
0.0851064
0.0478469
0.0249377
0.0442478
0.0909091
0.0819672
0.0934579
0.0632911
0.0966184
0.0938967
0.0189573
0.0930233
0.0917431
0.02331
0.0917431
0.083682
0.0970874
0.192308
0.0843882
0.0930233
0
0.0877193
0.196078
0.0934579
0.0917431
0.0294551
0.0904977
0.0938967
0.0134318
0.0896861
0.0952381
0.0909091
0.0645161
0.0884956
0.045045
0.070922
0.0302572
0.0440529
0
0.078125
0.0921659
0.196078
0.0796813
0.0297177
0.0452489
0.408163
0.0943396
0.103093
0.0176211
0.0178571
0.19802
0.0858369
0.097561
0.194175
0.0930233
0.037037
0.0913242
0.0840336
0.0892857
0.083682
0.0904977
0.0930233
0.0438596
0.0934579
0.0706714
0.0980392
0.0921659
0.0888889
0.0664452
0.0647249
0.0909091
0.4
0.0469484
0.186916
0.0315956
0.0268456
0.0947867
0.021978
0.192308
0.0980392
0.0309598
0.0147601
0.0390625
0.0900901
0.0421941
0.0314465
0
0.0925926
0.0930233
0.0632911
0
0.0425532
0.0943396
0.0187617
0.0980392
0.0442478
0.0925926
0.060423
0.0803213
0.0961538
0.0862069
0.0881057
0.0917431
0.0947867
0.0884956
0.0645161
0.196078
0.0877193
0.0921659
0.097561
0.0961538
0.0884956
0.0291971
0.0966184
0.0840336
0.0475059
0.0934579
0.0896861
0.0393701
0.0970874
0.0952381
0.0873362
0.0892857
0.0231481
0.0796813
0.0865801
0.0806452
0.044843
0.0961538
0.0217391
0.046729
0.2
0.0904977
0
0.0869565
0.0938967
0.0480769
0.188679
0.0189934
0.0921659
0.0611621
0.0877193
0.0956938
0.192308
0.0925926
0.0746269
0.0478469
0.0934579
0.0913242
0.0456621
0.194175
0.19802
0.196078
0.0162075
0.0943396
0.10582
0.0884956
0.0943396
0.0316957
0.0881057
0.0854701
0.0873362
0.190476
0.0473934
0.0925926
0.0900901
0.0490196
0.0823045
0.0896861
0.0873362
0.0456621
0.0930233
0.0921659
0
0.0921659
0.194175
0.196078
0.046729
0.0884956
0.0985222
0.0985222
0.0925926
0.0913242
0.044843
0.0858369
0.196078
0.0934579
0.0930233
0.0995025
0.13245
0.0904977
0.0456621
0.0892857
0.0934579
0.0985222
0.0826446
0.0694444
0.0877193
0.0884956
0.0735294
0.0847458
0.0632911
0.04329
0.0970874
0.0280112
0.0819672
0.0666667
0.0930233
0.0904977
0.0219298
0.194175
0.0888889
0.0896861
0.044843
0.0925926
0.0934579
0.0913242
0.029985
0.0862069
0.012837
0.0995025
0.0884956
0.0943396
0.0961538
0
0.0956938
0.0877193
0.0290698
0.0160256
0.0471698
0.0900901
0.0740741
0.0357143
0.0293686
0.0303951
0.0900901
0.0869565
0.0884956
0.28169
0.0862069
0.0904977
0.0641026
0.0749064
0
0.0275103
0.0925926
0.0311526
0.0766284
0.0458716
0.0956938
0.2
0.0896861
0.0645161
0.0787402
0.192308
0.0383142
0.0938967
0.0900901
0.10101
0.0851064
0.0892857
0.0843882
0.0952381
0.0383142
0.0947867
0.0900901
0.0896861
0.0884956
0.0925926
0.196078
0.0913242
0.392157
0.0966184
0.0913242
0.0877193
0.19802
0.0930233
0.0909091
0.0651466
0
0.192308
0.0888889
0.194175
0.038835
0.0970874
0.0881057
0.0862069
0.0704225
0.0803213
0.0934579
0.0881057
0.0873362
0.0155763
0.0309598
0.0229885
0.0913242
0.0843882
0.0483092
0.0970874
0.0938967
0.0943396
0.0847458
0.0138026
0.0909091
0.0892857
0.0647249
0.0896861
0.0743494
0.0826446
0.083682
0.0892857
0.0980392
0.4
0.0643087
0.196078
0.0694444
0.0285714
0.0274348
0.0909091
0.192308
0.0917431
0.0970874
0.0309598
0.0884956
0.0406504
0.190476
0.0436681
0.0970874
0.0413223
0.0952381
0.0909091
0.0862069
0.0980392
0.0896861
0.0480769
0.0378788
0
0.0970874
0.0956938
0.0843882
0.030303
0.0900901
0.19802
0.0421941
0.0851064
0.0497512
0.192308
0.0858369
0.0638978
0.10929
0.0843882
0.097561
0.0961538
0.075188
0.0888889
0.0743494
0.0425532
0.196078
0.0311526
0.014881
0.0934579
0.196078
0.0917431
0.0930233
0.0769231
0.0421941
0.047619
0.0231481
0.0286123
0.0930233
0.0311042
0.0638978
0.0947867
0.0634921
0
0.0938967
0.00852515
0.0660066
0.196078
0.0819672
0.0293686
0.0858369
0.0943396
0.0243013
0.0909091
0.0943396
0.0970874
0.0452489
0.0956938
0.0796813
0.0961538
0.0888889
0.0303951
0
0.0900901
0.0230947
0.0746269
0.0896861
0.0283688
0.0315956
0.046729
0.0589971
0.0934579
0.0483092
0.194175
0.029985
0.0478469
0.0847458
0.0423729
0.0126263
0.0966184
0.0884956
0.0961538
0.0313972
0.0829876
0.0826446
0.0961538
0.0892857
0.0865801
0.0952381
0.0904977
0.0938967
0.0289436
0.0888889
0.0892857
0.0114025
0
0.0462963
0.0310078
0.0934579
0.038835
0.0214133
0.044843
0.047619
0.0938967
0.0896861
0.0749064
0.0877193
0.0925926
0.0900901
0.0816327
0.0735294
0.0189573
0.01386
0.0938967
0.0913242
0.0185185
0.0881057
0.19802
0.0904977
0.0796813
0.0301205
0.0295858
0.0956938
0.0930233
0.0884956
0.0214592
0.0485437
0.0917431
0.0851064
0.0223714
0.0913242
0.0892857
0.13245
0.0689655
0.0934579
0
0.196078
0.0843882
0.0877193
0.0917431
0.0306748
0.0888889
0.0943396
0.0657895
0.0884956
0.0313972
0.0938967
0.0888889
0.0877193
0.0303951
0.044843
0.083682
0.0858369
0.0980392
0.0865801
0.0877193
0.192308
0.018018
0.0847458
0.0130208
0.0925926
0.192308
0.075188
0.0970874
0.0823045
0.0888889
0.0316957
0.03125
0.0980392
0.0190114
0.0641026
0.0873362
0.196078
0.0961538
0.0297619
0.0892857
0.0178253
0.0480769
0.0305344
0.0917431
0.0865801
0.070922
0.0930233
0.0865801
0.0865801
0.192308
0.0917431
0
0.0904977
0.0956938
0.0446429
0.0909091
0.0938967
0.0873362
0.0881057
0.0858369
0.196078
0.4
0.0900901
0.19802
0.0483092
0.0775194
0.0657895
0.0293255
0.0930233
0.0985222
0.196078
0.0716846
0.0896861
0.0925926
0.0181488
0.0769231
0.0398406
0.0469484
0.0980392
0.0682594
0.19802
0
0.0952381
0
0.030303
0.196078
0.0917431
0.0952381
0.0884956
0.192308
0.0657895
0.0324675
0.0966184
0.0970874
0.0917431
0.0819672
0.0925926
0.0108108
0.0892857
0.0913242
0.0303951
0.0917431
0.0961538
0.0182482
0.0465116
0.0851064
0.0308642
0
0.0921659
0.194175
0.0188679
0.029985
0.08
0.0442478
0.0956938
0.0966184
0.032
0.194175
0.0943396
0.0170503
0.0961538
0.0943396
0.0970874
0.0858369
0.0888889
0.0921659
0.0925926
0.0909091
0.0921659
0.0653595
0.0873362
0.0253485
0.0921659
0.083682
0.2
0.19802
0.0925926
0.0862069
0.0796813
0.0346021
0.0647249
0.0921659
0.0877193
0.045045
0.097561
0.196078
0.0913242
0.196078
0.0442478
0.0177305
0.0243902
0.0917431
0.0275862
0.0888889
0.2
0.0829876
0.078125
0.0651466
0.0921659
0.097561
0.0900901
0.018315
0.0641026
0.0947867
0.0327869
0.133333
0.0892857
0.0724638
0.0238095
0.0325203
0.0653595
0.1
0.0904977
0.0847458
0.0909091
0.0462963
0.0892857
0.0900901
0.0909091
0.0485437
0.0966184
0.285714
0.0473934
0.0869565
0.0473934
0.0970874
0.0298507
0.0904977
0.0900901
0
0.0297619
0.0900901
0.194175
0.0892857
0.0892857
0.0873362
0.0917431
0.19802
0.0970874
0.192308
0.0930233
0.19802
0.0645161
0.19802
0.115607
0.0873362
0.0490196
0.0985222
0.0930233
0.0938967
0.0160256
0.0806452
0.0645161
0.0896861
0.107527
0.097561
0.0188324
0.0930233
0.0651466
0.0956938
0.0651466
0.0320513
0.103093
0.0460829
0.0934579
0.0900901
0.0214133
0.0904977
0.0925926
0.030581
0.0884956
0.0653595
0.0278552
0.0934579
0.083682
0.0913242
0.101523
0.0925926
0.0934579
0.0947867
0.0858369
0.0840336
0.0961538
0.0716846
0.10101
0.0854701
0.19802
0
0.0218818
0.0657895
0.0873362
0.0930233
0.0943396
0.0724638
0.08
0.097561
0.0219298
0.0155642
0.0657895
0.0877193
0.0938967
0.1
0.0869565
0.0716846
0.0925926
0.0925926
0.194175
0.0970874
0.0921659
0.0980392
0.0389105
0.0938967
0.0909091
0.0888889
0.0921659
0.0238095
0.0980392
0.0471698
0.1
0.0851064
0.0956938
0.0865801
0.0123916
0.0952381
0.0284495
0.0892857
0.194175
0.0806452
0.0881057
0.0970874
0.0980392
0.0956938
0.0473934
0.0938967
0.0952381
0.0729927
0.0934579
0.03663
0.0645161
0.0980392
0.0651466
0.097561
0.0440529
0.196078
0.0273973
0.0638978
0.0840336
0.0217865
0.0917431
0.070922
0.0952381
0.196078
0.0881057
0.0925926
0.0442478
0.0854701
0.178571
0.0638978
0.0313972
0.0182315
0.046729
0.0888889
0.0401606
0.0925926
0.0173611
0.0829876
0.0651466
0.166667
0.097561
0.0980392
0.0966184
0.0970874
0.0626959
0.4
0.0235294
0.0925926
0.196078
0.0961538
0.196078
0
0.100503
0.0892857
0.0909091
0.2
0.0526316
0.0921659
0.0293686
0.0440529
0.0896861
0.0873362
0.0943396
0.0392157
0.0877193
0.0970874
0.0303951
0.0921659
0.0917431
0.0206186
0.0995025
0.0141643
0.0862069
0.192308
0.0892857
0.0653595
0.0819672
0.0829876
0.00879507
0.0900901
0.0925926
0.0921659
0.0980392
0.0217391
0.04329
0.012945
0.190476
0.0881057
0.0995025
0.0315956
0.0947867
0.0921659
0.0227273
0.047619
0.0938967
0.0917431
0.194175
0.0943396
0.196078
0.196078
0.0386847
0.0917431
0.0311042
0.04
0.194175
0.1
0.0917431
0.0921659
0.0391389
0.0904977
0
0.13245
0.0952381
0.0211864
0.0784314
0.0304414
0.0858369
0.0803213
0
0.045045
0.192308
0.0873362
0.196078
0.0938967
0.0934579
0.0956938
0.0434783
0.0900901
0.0934579
0.102564
0.196078
0.0182648
0.0966184
0.0904977
0.0809717
0.060241
0.0947867
0.0291971
0.0826446
0.0858369
0.0934579
0.0952381
0.0178253
0.0749064
0.0943396
0.0429185
0.0980392
0.0896861
0.2
0.0966184
0.0813008
0.0904977
0.02079
0.0632911
0.0943396
0.0925926
0.0892857
0.0896861
0.0943396
0.0462963
0.0483092
0.0934579
0.0952381
0.0980392
0.0480769
0.0921659
0.0460829
0.0492611
0.0295858
0.0621118
0.0647249
0.0803213
0.0595238
0.038835
0.190476
0.0387597
0.0900901
0.196078
0.114286
0.097561
0.08
0
0.0904977
0.188679
0.0492611
0.0961538
0
0.196078
0.108108
0.044843
0.0858369
0.0934579
0.0913242
0.0970874
0.0843882
0
0.0980392
0.194175
0.0938967
0.1
0.030303
0.0934579
0.0881057
0.0966184
0.044843
0.0189036
0.0995025
0.0281294
0.0930233
0.2
0.031746
0.0934579
0.13245
0.0862069
0.0909091
0.0711744
0.0383142
0.0896861
0.0888889
0.0917431
0.0943396
0.0952381
0.0877193
0.0497512
0.196078
0.070922
0.0645161
0.0921659
0.196078
0.0858369
0.196078
0.0323625
0
0.0487805
0.0769231
0.0732601
0.027972
0.0881057
0.25
0.196078
0.0913242
0.0956938
0.0487805
0
0.0904977
0.0803213
0.0892857
0.2
0.2
0.0925926
0.0869565
0.0194553
0.0956938
0.196078
0.0930233
0.0892857
0.0917431
0.0840336
0.0970874
0.0226244
0.102564
0.0462963
0.0487805
0.0925926
0.0819672
0.097561
0.0934579
0.0277393
0.0943396
0.0947867
0.0324675
0.0884956
0.19802
0.0921659
0.0268097
0.0784314
0
0.0447427
0.0305344
0.0952381
0.02331
0.0843882
0.0454545
0.0913242
0.0823045
0.0966184
0.0877193
0.0456621
0.0930233
0.0913242
0.0293686
0.0913242
0.0930233
0.0884956
0.0888889
0.0873362
0.0873362
0.0277393
0.015083
0.194175
0.0970874
0.0167926
0
0.042735
0.0925926
0.0854701
0.0214133
0.0892857
0.194175
0.03125
0.0909091
0.0938967
0.0947867
0.038835
0.0896861
0.0869565
0.0913242
0.0930233
0.0904977
0.0990099
0.0904977
0.0900901
0.0816327
0.0913242
0.0840336
0.0900901
0.196078
0.196078
0.0892857
0.196078
0
0.0909091
0.0877193
0.194175
0.0980392
0.113636
0.194175
0.0840336
0.0833333
0.0884956
0.0462963
0
0.083682
0.0952381
0.0952381
0.0921659
0.0126422
0.0647249
0.0892857
0.030722
0.083682
0.0980392
0.0444444
0.0181324
0.0913242
0.0465116
0.03861
0.0231481
0.0909091
0.0909091
0.097561
0.0970874
0.0873362
0.19802
0.0943396
0.0917431
0.0689655
0.0938967
0.0326797
0.19802
0.0796813
0.0184672
0.0930233
0.0938967
0.0200401
0.0900901
0.0943396
0.0465116
0.0431034
0
0.0234192
0.0892857
0.0651466
0.0934579
0.196078
0.0311042
0.0900901
0.0478469
0.0851064
0.0473934
0.0454545
0.0884956
0.00783392
0.0647249
0.0403226
0.0952381
0.0391389
0.2
0.083682
0.0900901
0.0277393
0.047619
0.0454545
0.0938967
0.0921659
0.0653595
0.0869565
0.0917431
0.0896861
0.196078
0.0904977
0.196078
0.0862069
0.0843882
0.0938967
0.0278164
0.0162866
0
0.0877193
0.077821
0.0291971
0.19802
0.0921659
0.0380952
0.0909091
0.047619
0.0938967
0
0.192308
0.0389864
0.0900901
0.0884956
0.1
0.0909091
0.0390625
0.20202
0.0383142
0.0900901
0.083682
0.03003
0.0966184
0.0847458
0
0.0858369
0.0129199
0.0921659
0.0465116
0.0947867
0.0657895
0.0816327
0.0904977
0.0387597
0.0913242
0.030303
0
0.0990099
0.0900901
0.192308
0.0749064
0.196078
0.0921659
0.0696864
0.194175
0.0854701
0.0877193
0.0985222
0.0460829
0.0869565
0.19802
0.0434783
0.0303951
0.0917431
0
0.0956938
0.0904977
0.0647249
0.0310078
0.046729
0.19802
0.0934579
0.0471698
0.083682
0.0763359
0.0930233
0.0823045
0.0118624
0.2
0.0925926
0.0956938
0.0651466
0.0952381
0.0956938
0.0803213
0.196078
0.0182983
0.0938967
0.0826446
0.0943396
0.0892857
0.0917431
0.03003
0.0952381
0.196078
0.0434783
0.0892857
0.0239234
0
0.0881057
0.0809717
0.196078
0.0943396
0.0934579
0.0323102
0.083682
0.0238095
0.0938967
0
0.0900901
0.031746
0.19802
0.015528
0.0900901
0.0952381
0.0253485
0.0930233
0.0921659
0.0326797
0.0314465
0.0732601
0.10101
0.194175
0.0900901
0.0223714
0.0829876
0.0966184
0.02331
0.0657895
0.0943396
0.0826446
0.0182149
0.0884956
0.0947867
0.044843
0.00740741
0.196078
0.0980392
0.196078
0.0469484
0.03663
0.0956938
0.0956938
0.030303
0.0862069
0.0930233
0.0446429
0.0980392
0.0896861
0.0760456
0.0460829
0.194175
0.0375235
0.047619
0.196078
0.210526
0.0980392
0.0947867
0.0843882
0
0.13245
0.0896861
0.196078
0.0199402
0.083682
0.0917431
0.194175
0.0189934
0.083682
0.0434783
0.0913242
0.0446429
0.0896861
0.021645
0.0680272
0.0966184
0.0909091
0.196078
0.106383
0.0877193
0.0277393
0.0970874
0.0819672
0.0183318
0.192308
0.0854701
0.0900901
0.0943396
0.0904977
0.0947867
0.0444444
0.0645161
0.00881057
0.0240964
0
0.0291121
0.0925926
0.0925926
0.0469484
0.0943396
0.0938967
0.097561
0.0816327
0.0943396
0.0304414
0.0952381
0.0956938
0.0917431
0.19802
0.0917431
0.0913242
0.0913242
0.19802
0.0200401
0.0392157
0.0930233
0.0913242
0.0930233
0.0314465
0.0900901
0.0925926
0.0226757
0.027894
0.083682
0.0241546
0.0947867
0.0934579
0.0930233
0.0904977
0.0938967
0.0904977
0.0938967
0.0966184
0.19802
0.0892857
0.0934579
0.0456621
0.0990099
0.1
0.196078
0.0909091
0.0904977
0.13245
0.0316957
0.0943396
0.0473934
0.0884956
0.0772201
0.0980392
0.192308
0.0966184
0.194175
0.0651466
0.0766284
0.0847458
0.0938967
0.0917431
0.0819672
0.0925926
0.0182983
0.0947867
0.083682
0.196078
0.0913242
0.0917431
0.192308
0.0485437
0.19802
0.0389864
0.0221239
0.0904977
0.0966184
0.0896861
0.0483092
0.166667
0.0230947
0.0938967
0.0952381
0.196078
0.0813008
0.0904977
0.0881057
0.0930233
0.0444444
0.0310078
0.0947867
0.0913242
0.0925926
0.0409836
0.0301205
0.0869565
0.196078
0.0480769
0.0185185
0.0458716
0.0233645
0.046729
0.0952381
0.0175285
0.0970874
0.0446429
0.0943396
0.0938967
0.0490196
0.05
0.196078
0.0286944
0.0980392
0.0909091
0.026738
0.0930233
0.0938967
0.0416667
0.0909091
0.0913242
0.0485437
0.0729927
0.0943396
0.0328407
0.5
0.0813008
0.0980392
0.0921659
0.018315
0.0943396
0.0909091
0.2
0.298507
0.0938967
0.0312989
0.0473934
0.0947867
0.0985222
0.097561
0.0456621
0.0947867
0.0175285
0.0921659
0.0934579
0.106952
0.0382409
0.0904977
0.00827472
0.0934579
0.0956938
0.0462963
0.0896861
0.0888889
0.196078
0.0896861
0.0943396
0.044843
0.110497
0.0429185
0.083682
0.0892857
0.0261438
0.0921659
0.0961538
0.0877193
0.0943396
0.015083
0.0881057
0.0436681
0.2
0.0925926
0.194175
0.0133245
0.0921659
0.0722022
0.0904977
0.0925926
0.0952381
0.194175
0.0892857
0.289855
0.0390625
0.0203666
0.0925926
0.0909091
0.0917431
0.196078
0.0966184
0.042735
0.0930233
0.0925926
0.0934579
0.196078
0.0487805
0.0947867
0.070922
0.185185
0.0943396
0.0471698
0.0238663
0.19802
0.0930233
0.0858369
0.029985
0.194175
0.0896861
0.0473934
0.0760456
0.0909091
0.044843
0.0854701
0.0873362
0.0865801
0.0306748
0.0952381
0.0888889
0.0980392
0.0881057
0.0917431
0.0442478
0.0896861
0.030722
0.0653595
0.0930233
0.0909091
0.0900901
0.0454545
0.0223714
0.0904977
0.0921659
0.0909091
0.0647249
0.19802
0.0873362
0.057971
0.0478469
0
0.0966184
0.0308166
0.0970874
0.0947867
0.0869565
0.0185701
0.0177305
0.0930233
0.0711744
0.0873362
0.0904977
0.0995025
0.0180832
0.0934579
0.0653595
0.0952381
0.0881057
0.0769231
0.10989
0.196078
0.0645161
0
0.0930233
0.0102669
0.0858369
0.0961538
0.0308642
0.04329
0.0938967
0.0819672
0
0
0.0896861
0.0904977
0.0456621
0.0966184
0.0943396
0.0956938
0.0917431
0.0896861
0.0896861
0.0485437
0.0446429
0.0775194
0.0930233
0.0296296
0.0858369
0.0169924
0.0943396
0.196078
0.196078
0.0943396
0.042735
0.0480769
0.0956938
0.0282087
0.0980392
0.0913242
0.0478469
0.0843882
0.0909091
0.0961538
0.0191939
0.0934579
0.192308
0.194175
0
0.0873362
0.0938967
0.0784314
0.0900901
0.0947867
0.0316957
0.0909091
0.0952381
0.0881057
0.196078
0.0961538
0
0.0304414
0.0934579
0.0465116
0.0188501
0.0865801
0.030303
0.0454545
0.0833333
0.0990099
0.0471698
0.0460829
0.0934579
0.0851064
0.0615385
0.0913242
0.0970874
0.0847458
0.0925926
0.0892857
0.0970874
0.0632911
0.0454545
0.0884956
0.0645161
0.0938967
0.0660066
0.0917431
0.15625
0.0934579
0.19802
0.0985222
0.19802
0.0298507
0
0.196078
0.0921659
0.0900901
0.0921659
0.0148368
0.0308642
0.0862069
0.0221729
0.0135685
0.0873362
0.0121729
0.0277778
0.0985222
0.0917431
0.058651
0.0921659
0.0434783
0.0647249
0
0.0184843
0.0985222
0.0228311
0.196078
0.0458716
0.0242131
0
0.0651466
0.0909091
0.0444444
0.0970874
0.0943396
0.0458716
0.196078
0.0862069
0.0934579
0.0862069
0.0930233
0.0913242
0.0934579
0.097561
0.0293255
0.0925926
0.196078
0
0.0943396
0.083682
0.0809717
0.0938967
0
0.0952381
0.0934579
0.0934579
0.097561
0.0947867
0.0729927
0.0913242
0.0293255
0.0301205
0.0595238
0.0306748
0.408163
0.192308
0.0301659
0.030581
0.0244499
0.0921659
0.0304414
0.0390625
0.0465116
0.0858369
0.0411523
0.0913242
0.0896861
0.0985222
0.045045
0.0934579
0.0961538
0.0888889
0.0892857
0.0833333
0.0938967
0.0900901
0.0258398
0.0938967
0.0571429
0.0862069
0.0904977
0.0641026
0.0436681
0.0917431
0.0116959
0.0921659
0.0298507
0.196078
0.0925926
0.0925926
0.0900901
0.049505
0.0970874
0.0947867
0.0943396
0.0930233
0.0913242
0.0970874
0.0234192
0.0888889
0.030303
0.0930233
0.194175
0.19802
0.0943396
0.0544959
0.0980392
0.0305344
0.0892857
0.0966184
0.0485437
0.0904977
0.0943396
0.196078
0.0208333
0.0956938
0.0913242
0.0925926
0.196078
0.0296296
0.00764526
0.0930233
0.0966184
0.0947867
0.0653595
0.0925926
0.0862069
0.0877193
0.0956938
0.0970874
0.0930233
0.0462963
0.047619
0.0980392
0.022779
0.0966184
0.038835
0.0947867
0.0485437
0.0386847
0.0483092
0.0241546
0.0840336
0.115607
0.0947867
0.0746269
0.0930233
0.0666667
0.0930233
0.0833333
0.0641026
0.0930233
0
0.0966184
0.0913242
0.0766284
0.08
0.0980392
0.194175
0.0892857
0.0952381
0.196078
0.0888889
0.0873362
0.0197433
0.0746269
0.19802
0.0888889
0.196078
0.0943396
0.192308
0.0952381
0.0196078
0.0917431
0.0462963
0.0930233
0.014881
0.0444444
0.0607903
0.0970874
0.0660066
0.0980392
0.0763359
0.047619
0.0881057
0.0934579
0.0292398
0.0833333
0.0809717
0.0930233
0.0297177
0.0854701
0.0930233
0.0943396
0.0462963
0.196078
0.029985
0.0236407
0.0877193
0
0.0892857
0.0446429
0.0641026
0.0389864
0.0990099
0.0877193
0.0394477
0.0877193
0.0318471
0.0917431
0.0873362
0.19802
0.0888889
0.0884956
0.0943396
0.0290698
0.0881057
0.19802
0.0833333
0.0452489
0.0943396
0.0952381
0.0961538
0.0925926
0.0921659
0.0283688
0.0934579
0.0947867
0.0816327
0.0925926
0.0873362
0.0881057
0.0178891
0.0888889
0.02331
0.0892857
0.0956938
0.0390625
0.0766284
0.0253807
0.0387597
0.0909091
0.0938967
0.0246914
0.0483092
0.1
0
0.0442478
0.0485437
0.0381679
0.0660066
0.0980392
0.0881057
0.0456621
0.0869565
0.0947867
0
0.0913242
0.11236
0.0829876
0.0173611
0.039604
0.0462963
0.0917431
0.0492611
0.0888889
0.0947867
0.0480769
0.0408163
0.0925926
0.0913242
0.0452489
0.0460829
0.0460829
0.0956938
0.044843
0.0909091
0.0462963
0.0980392
0.0961538
0.0236967
0.0458716
0.0854701
0.0904977
0.0436681
0.030581
0.0921659
0.183486
0.0956938
0.0956938
0.0505051
0.0990099
0.0934579
0.0425532
0.0934579
0.196078
0.0917431
0.19802
0.0909091
0.0917431
0.0816327
0.0858369
0.0386847
0.0483092
0.0925926
0.0934579
0.0118765
0.0840336
0.263158
0.0980392
0.0384615
0.0909091
0.0869565
0.0180832
0.0869565
0.20202
0.0740741
0.0995025
0.0485437
0.0295858
0.0125786
0.0970874
0.00929368
0.0483092
0.0917431
0.0938967
0.0694444
0.116959
0.11976
0.045045
0.0966184
0.0980392
0.0947867
0.046729
0.0858369
0.196078
0.133333
0.0934579
0.0925926
0.0483092
0.0938967
0.0193798
0.0943396
0.0865801
0.0387597
0.0900901
0
0.0277778
0.0862069
0.0361664
0.0641026
0.08
0.0921659
0.0398406
0.0735294
0.0454545
0.0909091
0.0917431
0.0952381
0.0840336
0.0858369
0.0930233
0.043573
0.05
0.0442478
0.0623053
0.0735294
0.0873362
0.0796813
0.0308166
0.0917431
0.0760456
0.0909091
0.0471698
0.0274725
0.196078
0.0947867
0.0456621
0.13245
0.0458716
0.0473934
0.0106496
0.18018
0.0947867
0.0913242
0.0840336
0.0985222
0.196078
0.0315457
0.0308642
0.0483092
0.0132275
0.0909091
0
0.0147059
0.0116414
0.0925926
0.0921659
0.0458716
0.0970874
0.0947867
0.0961538
0.0930233
0.0921659
0.0966184
0.0913242
0.078125
0.0632911
0.192308
0.2
0.19802
0.0913242
0.196078
0.0862069
0.0917431
0.0943396
0
0.0873362
0.01386
0.0930233
0.0749064
0.19802
0.0904977
0.0961538
0.0881057
0.0851064
0.0980392
0.0877193
0.0888889
0.0454545
0.0956938
0.0184672
0.0421941
0.0382409
0.0833333
0.0865801
0.0938967
0.0980392
0.0460829
0.0925926
0.0904977
0.196078
0.0913242
0.0913242
0.0114025
0.097561
0.0961538
0.0952381
0.02442
0.0485437
0
0.0934579
0.0303951
0.0956938
0.0904977
0.0892857
0.0896861
0.0917431
0.0862069
0.0896861
0.038835
0.043573
0.0952381
0.0943396
0.0458716
0.0862069
0.0943396
0.0865801
0.0980392
0.0881057
0.0280112
0.0829876
0.0966184
0.0909091
0.0714286
0.031746
0.0934579
0.0301205
0.00876424
0.0490196
0.0869565
0.0829876
0.0930233
0.0641026
0.196078
0.0651466
0.0900901
0.19802
0.0947867
0.0308166
0.0921659
0.0294985
0.0497512
0.0469484
0.0194553
0.190476
0.0921659
0.0938967
0.0397614
0.183486
0.18018
0.0191939
0.0310078
0.0900901
0.0930233
0.0934579
0.0306748
0.1
0.0458716
0.0833333
0.0657895
0.0892857
0.0966184
0.196078
0.0917431
0.0793651
0.0473934
0.0452489
0.0921659
0.0769231
0.0816327
0.0641026
0.0411523
0.0843882
0.0980392
0.0873362
0.0917431
0.0651466
0.0995025
0.0190114
0.0900901
0.0909091
0.0862069
0.0970874
0.0900901
0.19802
0.0651466
0.0947867
0.0813008
0.0943396
0.0456621
0.194175
0.0995025
0.0956938
0.00987167
0.0970874
0.0291971
0.0943396
0.0129116
0.196078
0.0651466
0.196078
0.0913242
0.107527
0.0311042
0.0862069
0.0961538
0.0268817
0.0980392
0.0823045
0
0.0634921
0.0934579
0.0952381
0.19802
0.0970874
0.0925926
0.0990099
0.0651466
0.0854701
0.0390625
0.0316957
0.0970874
0.0970874
0.0913242
0.0917431
0.046729
0.0938967
0.0217865
0.0956938
0.0888889
0.0323625
0.0917431
0.0980392
0.0921659
0.0881057
0.0854701
0.097561
0.0403226
0.0934579
0.0909091
0.0921659
0.0869565
0.0796813
0.0925926
0.0909091
0.0324675
0.0961538
0.194175
0.046729
0.0917431
0.0647249
0.0934579
0.0947867
0.0754717
0.031746
0.0473934
0.0921659
0.0318471
0.0930233
0.0966184
0.0873362
0.0913242
0.0943396
0.0212766
0.0177778
0.0232019
0.0938967
0.0243902
0.104712
0.0909091
0.0444444
0.0178094
0.0970874
0.0990099
0
0.181818
0.0892857
0.0636943
0.0943396
0.0896861
0.19802
0.102564
0.0980392
0.0956938
0.0990099
0.0947867
0.196078
0.0925926
0.0970874
0.0888889
0.0892857
0.0925926
0.046729
0.0966184
0.0896861
0.0900901
0.0847458
0.0938967
0.0487805
0.0816327
0.031746
0.0647249
0.100503
0.0469484
0.0917431
0.0892857
0.2
0.0995025
0.0653595
0.0274725
0.0390625
0.0434783
0.0966184
0.097561
0.0921659
0.0970874
0.0970874
0.0966184
0.0947867
0.0796813
0.0896861
0.0943396
0.0913242
0.0930233
0.0921659
0.0970874
0.0930233
0.044843
0.0970874
0.0896861
0.0980392
0.0930233
0.0909091
0.0970874
0.0851064
0.0938967
0.0952381
0.0896861
0.2
0.083682
0.0238095
0.0952381
0.0904977
0.075188
0.0947867
0.0760456
0.0970874
0.0943396
0.0921659
0.0980392
0.0947867
0.196078
0.0900901
0.05
0.19802
0.0134771
0.0913242
0.0888889
0.0921659
0.0231481
0.0938967
0.0966184
0.0896861
0.0224215
0.5
0.0930233
0.0873362
0.0970874
0.0913242
0.0296296
0
0.0934579
0.0833333
0.0240385
0.0826446
0.0308642
0.0653595
0.0952381
0.0487805
0.0645161
0.0478469
0.03125
0.0947867
0.0873362
0.0469484
0.0234192
0.0176991
0.0362319
0.0309598
0.0970874
0.0490196
0
0.046729
0.0913242
0.0458716
0
0.0913242
0.0934579
0.0913242
0.0980392
0.0930233
0.0970874
0.0943396
0.0462963
0.0970874
0.0913242
0.0497512
0.0952381
0.0943396
0.0314465
0.0909091
0.0925926
0.100503
0.0947867
0.0904977
0.0938967
0.0302572
0.0934579
0
0.046729
0.0904977
0.0471698
0.0302572
0.19802
0.0316957
0.0492611
0.0469484
0.188679
0.0921659
0.0896861
0.0938967
0.0869565
0.0925926
0.0904977
0.0985222
0.0862069
0.0471698
0.0938967
0.0934579
0.0483092
0.0913242
0.19802
0.0943396
0.0921659
0.0970874
0.05
0.0434783
0.0854701
0.0917431
0.0884956
0.0462963
0.20202
0.0904977
0.196078
0.0966184
0.0961538
0.0896861
0.0921659
0.0243902
0.0909091
0.0980392
0.0913242
0.0460829
0.0930233
0.0930233
0.0847458
0.0285714
0.0409836
0.0980392
0.0925926
0.0793651
0.0913242
0.0909091
0.0892857
0.0851064
0.196078
0.1
0.0913242
0.0787402
0.0980392
0.0990099
0.0934579
0.0909091
0.0766284
0.0934579
0.0943396
0.0934579
0.0930233
0.2
0.0921659
0.196078
0.0851064
0.0803213
0.0985222
0.196078
0.0925926
0.0456621
0.196078
0.0231481
0.0854701
0.196078
0.0446429
0.0934579
0.0225734
0.0947867
0.0854701
0.0233645
0.0892857
0.19802
0.0858369
0.0930233
0.0930233
0.0970874
0.19802
0.0490196
0.0862069
0.0284495
0.0487805
0.0966184
0.0888889
0.0947867
0.097561
0.0892857
0.0888889
0.0847458
0.0900901
0.0181488
0.19802
0.0149254
0.0970874
0.0823045
0.0904977
0.0881057
0.097561
0.0925926
0.0840336
0.0956938
0.0961538
0.0934579
0.0178412
0.0938967
0.0329489
0.0925926
0.0851064
0.0881057
0.0934579
0.0943396
0.0480769
0.0295858
0.027972
0.0273973
0.0980392
0.0947867
0.0664452
0.0305344
0.0930233
0.0947867
0.046729
0.046729
0.0970874
0.0305344
0.046729
0.0917431
0.0900901
0.196078
0.097561
0.0956938
0.0970874
0.0873362
0.0947867
0.0947867
0.0847458
0.0985222
0.0438596
0.0840336
0
0.0909091
0.0651466
0.0970874
0.101523
0.0980392
0.0909091
0.0873362
0.0925926
0.0164474
0.0746269
0.0980392
0.2
0.0219298
0.0952381
0.0386847
0.046729
0.0925926
0.0913242
0.0952381
0.0873362
0
0.0285714
0.0947867
0.0917431
0.0182315
0.0877193
0.0241546
0.0904977
0.0917431
0.0913242
0.0980392
0.0865801
0.0896861
0
0.0247525
0.0970874
0.0921659
0.032
0.0934579
0.194175
0.0966184
0.0970874
0.0947867
0.0970874
0.0434783
0.0308642
0.0606061
0.0840336
0.0316957
0.0934579
0.0925926
0.0851064
0.0947867
0.0921659
0
0.0961538
0.0980392
0.0282486
0.0390625
0.196078
0.2
0.19802
0.0225225
0.0909091
0
0.0947867
0.0888889
0.0873362
0.0732601
0.0238095
0.047619
0.0706714
0.0462963
0.0938967
0.047619
0.101523
0.196078
0.25
0.20202
0.0653595
0.0446429
0.0938967
0.196078
0.0980392
0.0980392
0.0297177
0.0888889
0.0917431
0.047619
0.0188501
0.0865801
0.0934579
0.0274348
0
0.0180995
0.0873362
0.0921659
0.0961538
0.0224215
0.0653595
0.0190114
0.0657895
0.0966184
0.0462963
0.056338
0.030303
0.0909091
0.0961538
0.097561
0.0888889
0.0651466
0.0160256
0.0913242
0.0970874
0.0961538
0
0.0934579
0.0473934
0.0851064
0.0930233
0.194175
0.0930233
0.0677966
0.0873362
0.0177462
0.0829876
0.0980392
0.0657895
0.0175439
0.044843
0.0862069
0.0952381
0.0133156
0.0913242
0.0921659
0.0909091
0.0546448
0.0471698
0.0888889
0.0904977
0.0478469
0.196078
0.0653595
0.0913242
0.0410678
0.0487805
0.0186047
0.0308642
0.0888889
0
0.0854701
0.0869565
0.0687285
0.0900901
0.0462963
0.0956938
0.0925926
0.0956938
0.0438596
0.0970874
0.0314465
0.097561
0.0478469
0.0308642
0
0.0917431
0.0312989
0.0938967
0
0.186916
0.0286123
0.0296296
0.030581
0.0970874
0.097561
0.097561
0.0796813
0.0985222
0.0425532
0.0896861
0.0917431
0.0980392
0.0900901
0.0917431
0.0938967
0.0126904
0.0653595
0.0952381
0.0947867
0.0473934
0.036036
0.0961538
0.021692
0.030722
0.0638978
0.0305344
0.0917431
0.0233645
0.0272851
0.0313972
0.0985222
0.0956938
0.0304414
0.0865801
0.0892857
0.142857
0.192308
0.0925926
0.0896861
0.0970874
0.0462963
0.0925926
0.0226757
0.0952381
0.0904977
0.0653595
0.0917431
0.0921659
0.0298507
0.0460829
0.0943396
0.031746
0.0952381
0.0909091
0.0308166
0.0904977
0.0653595
0.0819672
0.196078
0.0952381
0.19802
0.0943396
0.027894
0.0917431
0.0952381
0.02457
0.0873362
0.0961538
0.0896861
0.0380228
0.0313972
0.0454545
0.0452489
0.0150376
0.0280899
0.0881057
0.0952381
0.0647249
0.0485437
0.0966184
0.19802
0.2
0.0664452
0.0980392
0.0990099
0.0487805
0.0995025
0.0917431
0.0985222
0.194175
0.0666667
0.0947867
0.0440529
0.0938967
0.0909091
0.0943396
0.0312989
0.0961538
0.0900901
0.0925926
0.0223214
