0
0
0
0
0
0
0
0
0
0
0
0
0
0
0
0
0
0
0
0
0.241546
0
0
0
0
0
0
0
0
0
0
0
0
0
0
0
0
0
0
0
0
0
0
0
0
0
0
0
0
0
0
0
0
0
0
0
0
0
0
0
0
0
0
0
0
0
0
0
0
0
0
0
0
0
0
0
0
0
0
0
0
0
0
0
0
0
0
0
0
0
0
0
0
0
0
0
0
0
0
0
0
0
0
0
0
0
0
0
0
0
0
0
0
0
0
0
0
0
0
0
0
0
0
0
0
0
0
0
0
0
0
0
0
0
0
0
0
0
0
0
0
0
0
0
0
0
0
0
0
0
0
0
0
0
0
0
0
0
0
0
0
0
0
0
0
0
0
0
0
0
0
0
0
0
0
0
0
0
0
0
0.25
0
0
0
0
0
0
0
0
0
0
0
0
0
0
0
0
0
0
0
0
0
0.0499002
0
0
0.0518672
0
0
0
0
0
0
0
0
0
0
0
0
0
0
0
0
0
0
0
0
0
0
0
0
0
0
0
0
0
0
0
0
0
0
0
0
0
0
0
0
0
0
0
0
0
0
0
0
0
0
0
0
0
0
0
0
0
0
0
0
0
0
0
0
0
0.065703
0
0
0
0
0
0
0
0
0
0
0
0
0
0
0
0
0
0
0
0
0
0.0477555
0
0
0
0
0
0
0.0481928
0
0
0
0.0659196
0
0
0
0
0
0
0
0
0
0
0
0
0
0
0
0
0.0286779
0
0
0.0309981
0
0
0.0804505
0
0
0.0447628
0
0
0.0763942
0
0.0777001
0.0474834
0
0
0
0
0
0.0453515
0
0
0
0
0
0
0
0.0625
0
0.0497018
0.0773395
0
0
0
0
0
0
0
0
0
0.0640615
0
0
0
0
0
0.0807754
0
0
0
0
0.0583771
0.0578704
0.0790514
0
0.0609756
0
0
0.0301477
0
0.0488759
0
0
0
0.0864304
0
0
0
0.0807103
0
0
0.065445
0.101937
0
0
0
0
0
0
0
0
0
0
0.0739645
0
0
0.0366569
0
0
0
0
0.0774593
0
0
0
0
0
0
0.0501505
0
0
0.0537634
0.065703
0
0.0894454
0
0
0
0.0612745
0
0.0762777
0
0.0640205
0
0.0759301
0
0
0
0
0.0619195
0.0863558
0.0244618
0
0
0
0
0.035524
0.0898473
0
0
0
0.00642178
0
0
0.0674764
0
0.0657462
0
0
0
0.0908265
0
0
0
0
0
0.0619963
0.0605327
0.0621504
0.0219635
0
0.0496524
0
0
0.0798722
0
0
0
0.0868056
0
0
0
0.0780031
0.0773395
0.0714286
0.063857
0.0582411
0.0696379
0.0284252
0
0
0.0671141
0.0574383
0.0718391
0
0.0444642
0.0770416
0.066357
0
0
0.0784929
0
0
0.0623441
0
0
0.0823723
0.0745156
0.0596303
0.0747943
0.0652316
0
0
0.0427168
0.0225276
0.0560538
0.0272926
0.0720981
0
0.0745712
0
0
0
0.0822368
0.0687758
0.0635324
0.0744048
0
0.0625391
0.0581734
0.0400962
0
0.0713267
0.0646831
0
0
0.0793021
0.0599161
0.0579374
0.0775795
0
0
0
0
0
0.0659196
0.0531067
0.0507099
0
0.0492854
0.0792393
0.0773994
0
0.0750188
0
0
0.0834725
0
0.0853242
0
0
0.084317
0.0834725
0.0834028
0
0.0560852
0
0.0635324
0.0325945
0
0.0868056
0.0868056
0.0619579
0.0775194
0.0746826
0
0.0693001
0.0514668
0.0492854
0.0801925
0.0329489
0
0
0
0.0577367
0
0.0838223
0.0310366
0
0.0548246
0.0659196
0.0456204
0
0.091659
0.0616903
0
0
0.0834725
0.0693963
0.0561482
0.0595948
0
0
0
0
0.0097229
0
0
0.0762777
0
0.0567859
0.0771605
0
0
0.074129
0.0798722
0
0
0
0.0913242
0
0
0.0742942
0.0821018
0
0.0821018
0.0687758
0
0.0645995
0
0
0.084246
0.0720461
0.0713267
0.0164231
0.0405351
0.075358
0
0.0904159
0.0542299
0.0893655
0.0742942
0.0622665
0
0
0.0823723
0.0696379
0
0.0915751
0.0722022
0
0
0
0
0.0811688
0.0693481
0.0372995
0.0879507
0.0726744
0.0592768
0.0441306
0.0838926
0
0.0564653
0.0688231
0.0913242
0.0364299
0
0.0892857
0
0.0714796
0.0687285
0
0.0903342
0.0777605
0
0.0698812
0.0754717
0
0.0648088
0.0786164
0.0832639
0
0.0669344
0
0.0533618
0.0711238
0.0909918
0
0.0746269
0.0918274
0.0701754
0.0775795
0.0275179
0.0821018
0
0.0917431
0.0686342
0.0731529
0
0
0
0.0199402
0
0.0803213
0.0626959
0.0690608
0.074184
0
0.0777605
0.0734754
0.085034
0
0.060241
0.0817661
0.0829187
0
0.0675219
0.0821693
0.0605694
0.0743494
0.0888889
0.0849618
0.0728863
0.0757002
0.0791139
0
0.0827815
0.0569152
0
0.0626566
0.0512821
0.0744602
0.0825083
0
0.0794281
0
0.0769231
0.0739098
0.0566572
0.0803213
0
0.0928505
0
0
0.0911577
0.076746
0.0440529
0.0730994
0.0803859
0.0755287
0.0788022
0.0691085
0.0793651
0
0
0.0888889
0.0903342
0.0762195
0
0.0838926
0.0831947
0.0817661
0
0
0
0
0.0820345
0.0877193
0.0841751
0
0.0829187
0.0674309
0.077101
0
0.0493583
0.0829876
0
0
0.0670691
0.0673854
0.0807103
0.0969932
0.0453926
0.0882613
0.0971817
0
0.0814996
0
0.0727802
0.0918274
0.0757576
0.0798722
0.0772201
0
0.0743494
0.0653168
0.0833333
0.0740192
0.0762777
0
0
0.0677507
0
0.0823045
0.0719424
0.088968
0.0822368
0.0967118
0
0.0786164
0.0718391
0.082713
0
0.0817661
0.0845309
0.0893655
0.100301
0
0.0943396
0.0769823
0.0657895
0
0.0750751
0
0.0796178
0.0879507
0
0.0870322
0.0709723
0
0.0710227
0.0914077
0
0.0823045
0.0909091
0.0846024
0.0852515
0.0869565
0.065189
0.0670691
0
0
0
0
0.0805153
0.0786164
0.0543774
0.0848896
0.0702741
0.0759301
0.0785546
0
0.0857633
0.10142
0.0673854
0.0858369
0
0.0803859
0
0.0791766
0.0529661
0
0.086881
0.0743494
0.0338409
0.0507872
0.0843882
0.0869565
0.0762195
0.10627
0.0761035
0.0948767
0.078064
0.0529942
0.0870322
0.084246
0.0801925
0.093633
0.0853242
0
0.058548
0.081367
0.0740741
0.0801282
0.0693001
0.0831947
0.0853242
0.0904159
0.0800641
0.0988142
0.0862069
0.0582072
0.0739098
0
0.0865052
0.0645161
0
0.0746826
0.071582
0.0812348
0.0915751
0.0674309
0.0634921
0
0.0392773
0.0674764
0.0765697
0
0.0904159
0.087108
0.0898473
0.0768049
0.0848896
0
0.0791766
0.0754717
0
0.0584112
0
0.0724638
0.0814332
0.0797448
0.0730994
0.0825083
0.0471032
0.0980392
0.0907441
0.0853242
0.083682
0.090009
0.0877963
0.0859107
0.0424268
0.0761615
0.065445
0.0732064
0.0845309
0.0789266
0.0658328
0.0808407
0.0709723
0.0859845
0.085034
0.0511247
0.0831947
0.0206016
0.0673401
0.0749064
0.0571102
0.0929368
0.0727273
0.0839631
0
0.083682
0.092081
0.0859845
0.0890472
0.0769823
0.0881834
0.0849618
0.0733138
0.0354862
0.0928505
0.0798722
0.0835422
0.0962464
0
0.0567215
0.0877963
0.0838223
0.0943396
0.088574
0.0881834
0
0.0853242
0.0891266
0.0651466
0.0809061
0.0819672
0.0904159
0.0773395
0.0851789
0.0877963
0.0506329
0.0924214
0.0960615
0
0.0899281
0.0919963
0.0931966
0.0852515
0
0.0675676
0.0745156
0.0831947
0.0963391
0.0820345
0.0880282
0
0.082713
0.0849618
0.0829876
0.0968992
0.0547645
0.0913242
0
0.0891266
0.0734214
0.0705716
0.0899281
0.0840336
0.08
0.0834028
0.0863558
0.0672948
0.0821018
0.0967118
0.0758725
0.0773395
0.083612
0.0511771
0.0472813
0.0783085
0.102669
0.0893655
0
0.0783085
0.0759878
0.0901713
0.0835422
0.0899281
0.0769823
0.0922509
0.0888889
0.0834028
0.0838926
0.0807754
0
0.081103
0
0.068306
0.0602047
0.0805802
0.0917431
0.0584454
0.0853971
0.0707214
0.0967118
0.0932836
0.0929368
0.0762777
0.0747384
0.090009
0.08285
0.0907441
0.0819672
0
0.081367
0.0931099
0.0909091
0.083612
0.0914077
0.0906618
0.0633312
0.0908265
0.0829187
0.0708717
0.0791139
0.0959693
0.085034
0.0861326
0.0857633
0.0740192
0.0808407
0
0.083612
0.0791766
0
0
0.0859845
0.0882613
0.0782473
0.0907441
0.0985222
0.0931966
0.0933707
0.0793651
0.0868056
0.0961538
0.0814332
0.0897666
0.0796178
0.0797448
0.0529101
0.0846024
0.0931099
0.087184
0.0794281
0.0947867
0
0.0772201
0.0831947
0.0931966
0.0832639
0.0926784
0.104167
0.0937207
0.0722022
0.0762777
0.0739098
0
0.0865052
0.0853242
0.0869565
0
0
0.08726
0
0.091659
0
0.0909091
0.0764526
0.0834725
0
0.0862069
0.0919963
0.0833333
0.0708215
0.0640615
0.0881834
0.0808407
0.0965251
0.0708215
0.0870322
0.0782473
0.0793651
0.0757002
0.0968992
0.0757002
0.0752445
0.0763942
0.097561
0.0854701
0.0943396
0.0713267
0
0.0869565
0.130378
0.08285
0.068918
0.0857633
0.0931099
0
0.0922509
0.0907441
0.0963391
0.0848176
0.0724638
0
0.0923361
0.0898473
0.0888889
0.0862813
0.0888099
0.0766871
0.0704722
0.0918274
0.084674
0.074129
0.0852515
0.0900901
0.0660939
0.0493583
0.0878735
0
0.0968054
0.0815661
0.0951475
0.0875657
0.0577367
0.0798722
0.0854701
0.0812348
0.0712758
0.0896057
0.0896057
0.0878735
0.0922509
0.0905797
0.088968
0.0949668
0
0.0862069
0.0834028
0.0791766
0.0658762
0.0948767
0.0893655
0.083682
0.0858369
0.0901713
0.0725689
0.0868056
0.0944287
0.0924214
0.0845309
0.0801282
0
0.0865052
0.0841043
0.0886525
0.0834725
0.0852515
0.0791766
0.0652742
0
0.0931099
0.0914913
0.0938086
0.0822368
0.08
0.0861326
0.0740741
0.0667111
0.0897666
0.0897666
0.069541
0.0805802
0.0987167
0
0.0867303
0.0724113
0.0806452
0.1
0.0847458
0.0823045
0.083682
0.0763359
0.0921659
0.0855432
0.0803859
0.0952381
0.0363108
0.0944287
0.0814332
0.0876424
0.0956938
0.0948767
0.0791139
0.0839631
0.0917431
0.0897666
0.050813
0
0.0821018
0.0799361
0.0864304
0.027933
0
0.0892061
0.0913242
0
0.0834028
0.0877963
0.0841751
0.0851789
0.0824402
0.0851789
0.0696864
0.0856164
0.078125
0
0.0750751
0.0886525
0.0862069
0.0875657
0.0784929
0.0799361
0.0690131
0.0834028
0.0900901
0.0909091
0.091659
0.1001
0.08
0.0815661
0.0841751
0.087184
0.0631712
0.0913242
0.0909091
0.0856164
0.0932836
0.094518
0.0904159
0.0933707
0.0856164
0.0776398
0.0902527
0.0934579
0.0874891
0.0862069
0.0929368
0.0931966
0.0436681
0.0833333
0.0826446
0
0.0637755
0.0839631
0.0276243
0.0884173
0.0861326
0.0949668
0.0921659
0.0809717
0.0864304
0.0949668
0.0930233
0.0851789
0.0908265
0.0825764
0.083612
0.0911577
0.0818331
0.0878735
0.0909918
0.0802568
0.0788022
0
0.087184
0.0633714
0.0948767
0.0940734
0.096432
0.0840336
0.0891266
0.0928505
0.0913242
0.0906618
0.0893655
0.0859107
0.0856898
0.0802568
0.0874891
0.0462749
0.0907441
0.0862813
0.0859845
0.0795545
0.0671592
0.0899281
0.0928505
0.084317
0.0533333
0.0921659
0.0967118
0.0801925
0.0927644
0.0832639
0.095511
0.0818331
0.0905797
0
0.0806452
0.0682594
0.0852515
0.0905797
0.0841043
0.084674
0.0899281
0.0530504
0.0693001
0.0851789
0
0.0895255
0.062383
0
0.0882613
0.0938086
0.0803213
0.0868056
0
0.0832639
0.0758725
0.0932836
0.0985222
0.0826446
0.0874126
0.0897666
0.0694927
0.0910747
0.0953289
0.0881834
0.0958773
0.0716332
0.0968992
0.0757002
0.0846024
0.0904977
0.102669
0.0845309
0.0877963
0.0914077
0.0786164
0.0798722
0.094697
0.0841043
0.0765697
0.0905797
0.093985
0.065703
0.0913242
0.0709723
0.0892857
0.0931099
0.0763942
0.0802568
0.0923361
0.0954198
0.069541
0.0914077
0.094162
0.090009
0.0825764
0.0784929
0.0847458
0.0893655
0.0904159
0.0908265
0.0694444
0
0
0.0931099
0.0942507
0
0.0781861
0.0861326
0.0921659
0.0851064
0.0907441
0.0892061
0.0861326
0.0876424
0.0739098
0.0851789
0.087108
0.0956938
0.0897666
0.08726
0.0904977
0.0884956
0.0819001
0.091659
0.0692521
0.0769231
0.0820345
0.0896057
0.0891266
0.0910747
0.0918274
0.0815661
0.0984252
0.0928505
0.0848176
0.0429553
0.0883392
0.0812348
0.0819672
0.0929368
0.0904159
0.0849618
0.0901713
0.0890472
0.094697
0.0618047
0.087108
0.0855432
0.088574
0.0860585
0.0797448
0.0884173
0.0902527
0
0.0870322
0.083612
0.094697
0.0909918
0.0854701
0.0848896
0.0882613
0.0948767
0.0848176
0.0894454
0.0915751
0.0956938
0.0863558
0.0713776
0.0874891
0.0888099
0.0819001
0
0.0906618
0.0906618
0.0857633
0.0876424
0.0796178
0.0657895
0.0890472
0.0844595
0.0892061
0.0785546
0.0877963
0.0848896
0.0747384
0.0860585
0.0784314
0.0863558
0.093633
0.0915751
0.084246
0.084246
0.084317
0.0839631
0.0873362
0.0840336
0.0896057
0.0888889
0.0795545
0.0784929
0.0874126
0.0954198
0.0833333
0.082713
0.0884173
0.0910747
0.0881834
0.0886525
0
0.0900901
0.0944287
0.0890472
0.0859107
0.0922509
0.0919963
0.0958773
0.0913242
0.0898473
0.0959693
0.093985
0.084317
0.0908265
0.0952381
0.0843882
0.0781861
0.0881834
0.0819672
0.0944287
0.0876424
0.0938967
0.0848896
0.0560852
0.0827815
0.0986193
0.0869565
0.0814332
0.0843882
0.0881057
0.0914077
0.0943396
0.0954198
0.0870322
0.0919963
0.0832639
0.0912409
0.0860585
0.0816993
0.0956938
0.0966184
0.0877193
0.0848176
0.094162
0.0896861
0.0876424
0.0882613
0
0
0.090009
0.0888099
0.0667111
0.102564
0.0915751
0.0896057
0.0933707
0.0946074
0.0928505
0.0890472
0.0802568
0.0887311
0.0948767
0.0803213
0.0418585
0.0897666
0.0747943
0.078125
0.0959693
0
0.0942507
0.0887311
0.0819001
0.0874891
0.0908265
0.0974659
0.0901713
0.094518
0.0854701
0.0904159
0.0908265
0.0896057
0.0890472
0.0676133
0.0622665
0.0909918
0.0635728
0.0623053
0.0924214
0.0891266
0.094162
0.0930233
0.0851789
0.090009
0.066313
0.08726
0.0874891
0.0812348
0.0743494
0.0834725
0.0825764
0.0934579
0.0372856
0.0901713
0.0881834
0.0529942
0.0745156
0.087108
0.0911577
0.0900901
0.0841751
0.094162
0.0869565
0.0912409
0.0874126
0.10395
0.0933707
0.0913242
0.0749064
0.0911577
0.084246
0.093985
0.0932836
0.0881057
0.0972763
0.0716846
0.0854701
0.0831947
0.0810373
0.0793021
0.0901713
0.0887311
0.0957854
0.0873362
0.0954198
0.0930233
0
0.0877963
0.0864304
0.094518
0.0878735
0.0927644
0.0728332
0.0877963
0.0914913
0.0921659
0.0914913
0.083682
0
0.0901713
0.0899281
0.0949668
0.0893655
0.0860585
0.0833333
0.0848896
0.0864304
0.0892857
0.0919118
0.0862813
0.0942507
0.076746
0.0938967
0.0921659
0.0874126
0.0951475
0.0860585
0.0880282
0.0779423
0.0940734
0.0952381
0.0948767
0.0765111
0.0808407
0.0892061
0.0905797
0.088968
0.0841043
0.0956938
0.0898473
0.0868056
0.0938086
0.0899281
0.0855432
0.0788644
0.0735294
0.083682
0.0815661
0.0759301
0.0930233
0.0930233
0.0890472
0.0893655
0.0934579
0
0.0934579
0.0891266
0.0744602
0.0852515
0.0907441
0.0899281
0.088968
0.0602773
0.0894454
0.0914913
0.0892061
0.0873362
0.0946074
0.094162
0.0897666
0.0897666
0.0852515
0.0925069
0.0640615
0.0877963
0.08285
0.0933707
0.0777001
0.0959693
0.0856164
0.0911577
0.0711238
0.0926784
0.090009
0.0932836
0.0970874
0
0.094518
0.0935454
0.0897666
0.0971817
0.0919118
0
0.087108
0.0917431
0.0967118
0.083612
0.0888889
0.0864304
0.0904977
0.0919118
0.0956938
0.0883392
0.0856164
0.0923361
0.0825083
0.0931099
0.076746
0.088968
0.0837521
0.0933707
0.0943396
0.0851064
0.0921659
0
0.0911577
0.0909091
0.093985
0.091659
0.0925069
0.0912409
0.0914077
0.091659
0.0956023
0.0918274
0.0904159
0.0860585
0.0906618
0.0909091
0.0946074
0.0819672
0.0932836
0.0904159
0.0886525
0.0905797
0.0922509
0.0894454
0.0909918
0.0907441
0.0901713
0.0851789
0.0887311
0.0773994
0.0794281
0.0890472
0.0825764
0.0886525
0.0928505
0.0883392
0.0949668
0
0
0.0814332
0.0881057
0.095511
0.0866551
0.0869565
0.093633
0.102669
0.0967118
0.0902527
0
0.094697
0.0911577
0.0786164
0.090009
0.094162
0.0857633
0.094697
0.094162
0.0919118
0.0937207
0.0938967
0.0832639
0.0990099
0.0968054
0.0909918
0.070922
0.0929368
0.0938967
0.0877193
0.0673401
0.0929368
0.0888889
0.0943396
0.0784314
0.0927644
0.0913242
0.0693481
0.0925069
0.0838926
0.0878735
0.093985
0.0826446
0.0882613
0.0830565
0.0956023
0.0899281
0.0925926
0.0921659
0.0929368
0.0932836
0.086881
0.0925926
0.088968
0.093985
0.0859107
0.0924214
0.088574
0.0911577
0.091659
0.0880282
0.0904977
0.0834725
0.0925069
0.0972763
0.0910747
0.0538213
0.0938967
0.0750751
0.0886525
0.087108
0.0980392
0.0956023
0.0912409
0.0909918
0.0948767
0.0965251
0
0.095511
0.0954198
0.0853242
0.0892061
0.0942507
0.0891266
0.0906618
0.0762777
0.0669344
0.0996016
0.0971817
0.0943396
0.097371
0.0928505
0.0831947
0.0809061
0.0841043
0.0932836
0.095511
0.0914913
0.0903342
0.0859845
0.0922509
0.0931099
0.0965251
0.0905797
0.0881834
0.08285
0.0952381
0.094697
0.093633
0.0901713
0.0908265
0.0938086
0.0613874
0.0896057
0.093633
0.0683995
0.093633
0.0935454
0.0487092
0.0919118
0.094697
0.0902527
0.16129
0.102249
0.0890472
0.0903342
0.0870322
0.0924214
0.0931099
0.0878735
0.0907441
0.0863558
0.0815661
0.0693481
0
0.0896861
0.0901713
0.0869565
0.088968
0.0907441
0.0905797
0.0932836
0.0943396
0.0919963
0.091659
0.0891266
0.0907441
0.0987167
0.0926784
0.0878735
0.090009
0.0944287
0.0877963
0.0892857
0.0904159
0.0957854
0.090009
0.0911577
0.084674
0.0884173
0.0865052
0.0869565
0.0855432
0.0926784
0.0894454
0.0928505
0.087184
0.0896057
0.0873362
0.094162
0.0904159
0.0881834
0.0909918
0.0907441
0.08726
0.0894454
0
0.0829187
0.0925069
0
0.095511
0.0909918
0.0909091
0.0848896
0.0877963
0.0848896
0.0829187
0.094162
0.0979432
0.0892857
0.0874126
0.0853971
0.0938086
0.0947867
0.0915751
0.0870322
0.096432
0.0892857
0.0921659
0.0815661
0.0921659
0.0909918
0.0841751
0.0901713
0.0929368
0.0929368
0.0933707
0.118203
0.0949668
0.0910747
0.088968
0.0749064
0.093633
0.0909091
0.0908265
0.0966184
0.0907441
0.0899281
0.0859107
0.0588928
0.0891266
0.0933707
0.0938086
0.0959693
0.0780031
0.0863558
0.0859107
0.0933707
0.0909918
0.0874891
0.0940734
0.0957854
0.091659
0.0896057
0.0892061
0.0769823
0.0926784
0.0929368
0.0907441
0.101626
0.0865052
0.0938967
0.0834028
0.0807754
0.0925069
0.0805153
0.0865801
0.0912409
0.0915751
0.0838926
0.0938086
0.093633
0.0947867
0.075188
0.0942507
0.0942507
0.0968992
0.088968
0.0897666
0.0909091
0.084674
0.0907441
0.096432
0.0859107
0.0908265
0.0968992
0.094697
0.085034
0.0927644
0.0910747
0.0683995
0.0914913
0.0712758
0.0750751
0.0967118
0.0868056
0.0924214
0.0831947
0.0839631
0.0977517
0.0935454
0.0859845
0.0952381
0.0908265
0.0930233
0.093985
0.0961538
0.0979432
0.0857633
0.0956938
0.0868056
0.102564
0.0888099
0.0971817
0.0935454
0.0937207
0.0923361
0.0887311
0.0932836
0.0925926
0.0915751
0.0874891
0.0903342
0.0879507
0.0931966
0.0903342
0.0902527
0.0926784
0.0983284
0.094518
0.0810373
0.0823045
0.0876424
0.0860585
0.0873362
0.0899281
0.0906618
0.0974659
0.0971817
0.078064
0.0898473
0.0894454
0.0900901
0.0879507
0.0892857
0.0892061
0.0912409
0.0915751
0.0951475
0.0956938
0.0879507
0.0879507
0.0944287
0.0949668
0.0909091
0.0923361
0.093985
0.091659
0.0926784
0.0965251
0.087184
0.0968992
0.0922509
0.0831255
0.0938967
0.0868056
0.0925069
0
0.0926784
0.087108
0.0919963
0.0914913
0.0873362
0.0848896
0.095057
0.081103
0.0914077
0.0938967
0.0783699
0.0909091
0.0904977
0.0890472
0
0.0925926
0.0969932
0.094162
0.0877193
0.0870322
0.0972763
0.0956938
0.0928505
0.088574
0.0914077
0.0904159
0.0967118
0.0948767
0.0984252
0.0931966
0.0962464
0.0739645
0.0963391
0.092081
0.0884173
0.0928505
0.0956023
0.0891266
0.0874891
0.0880282
0.0930233
0.0893655
0.0925926
0.093633
0.0938967
0.0806452
0.0901713
0.0917431
0.0879507
0.0928505
0.121065
0.0812348
0.10101
0.0928505
0.0968992
0.0799361
0.0979432
0.0905797
0.0962464
0.094697
0.0913242
0.0904977
0.0954198
0.0933707
0.094518
0.0925926
0.0946074
0.103627
0.0957854
0.0949668
0.0980392
0.0758725
0.0922509
0.0880282
0.0743494
0.0819001
0.0949668
0.0868056
0.0854701
0.0902527
0
0.0940734
0.0949668
0.0918274
0.0848896
0.0921659
0.0902527
0.0873362
0.0904977
0.0823723
0.0917431
0.0886525
0.094162
0.0957854
0.0858369
0.0919963
0.107181
0.0892857
0.0919118
0.0888099
0
0.0823723
0.0922509
0.0937207
0.0938086
0
0.093985
0.0908265
0.0930233
0.0765111
0.0981354
0.0937207
0.0795545
0.0953289
0.0925069
0.0938086
0.0917431
0.0880282
0.092081
0.0887311
0.0944287
0.0892857
0.094697
0.130719
0.0898473
0.0894454
0.095057
0.100908
0.0967118
0.092081
0.0705716
0.0783085
0.0929368
0.094162
0.087108
0.0892061
0.0690131
0.0958773
0.0933707
0.0952381
0.0857633
0.0914077
0.0925926
0.08726
0.0884173
0.0968054
0
0.0940734
0.0877963
0.093633
0.0958773
0.0927644
0.0921659
0.0902527
0.0962464
0.094518
0.0951475
0.088968
0
0.0971817
0.0914913
0.0928505
0.0947867
0.0904977
0.0870322
0.0686813
0.0859107
0.0951475
0.0937207
0.0931099
0.091659
0.0906618
0.0837521
0.0985222
0.0912409
0.0981354
0.096432
0.0822368
0.0925069
0.0937207
0.0940734
0.0910747
0.0981354
0.0926784
0.093985
0.08726
0.0921659
0.0928505
0.0977517
0.0856164
0.0924214
0.094697
0.0938967
0.0922509
0.093633
0.0868056
0.0929368
0.0932836
0.0880282
0.0946074
0.097561
0.0901713
0.094162
0
0.094162
0.093633
0.0948767
0.0924214
0.0940734
0
0.0924214
0.0909918
0.0931966
0.0965251
0.0899281
0.0865052
0.0906618
0.0979432
0.0938086
0.0931966
0.0861326
0.0925926
0.0979432
0.0875657
0.0914913
0.0963391
0.088968
0.0873362
0.0902527
0.0917431
0.083612
0.0904977
0.0924214
0.0938086
0.0801925
0.0935454
0.0918274
0.0914077
0.0884173
0.090009
0.0988142
0.0699301
0.0954198
0
0.0725689
0.0943396
0.0932836
0.0940734
0.0903342
0.0959693
0.0910747
0.0923361
0.0801282
0.0851789
0.0876424
0.0925926
0.0951475
0.0947867
0
0.0937207
0.0697837
0.0893655
0.0567215
0.0963391
0.0953289
0.092081
0.0835422
0.0900901
0.0905797
0.0960615
0.0986193
0
0.0932836
0
0.0956938
0.109769
0.0908265
0.0943396
0.0949668
0.0958773
0.0956023
0.0926784
0.0910747
0.095511
0.0855432
0.0895255
0.0929368
0.100908
0.0940734
0.0951475
0.0869565
0.0855432
0.0934579
0.036324
0.0994036
0.0888099
0.087108
0.093633
0.0954198
0.0981354
0.0919963
0.0925069
0.0949668
0.0938967
0.10142
0.0897666
0.0913242
0.0874891
0.0902527
0.0934579
0.0937207
0.0924214
0.0959693
0.0954198
0.0913242
0.0974659
0.097561
0.0880282
0.0923361
0.088574
