0.11 0 0 0 0 0 0 0 0 0 0 0 0 0 0 0 0 0 0 0 
0.12 3.36 0 0 0 0 0 0 0 0 0 0 0 0 0 0 0 0 0 0 
0.22 1.17 9.6 0 0 0 0 0 0 0 0 0 0 0 0 0 0 0 0 0 
0.19 0.35 1.88 15.84 0 0 0 0 0 0 0 0 0 0 0 0 0 0 0 0 
0.19 0.34 0.97 3.23 21.71 0 0 0 0 0 0 0 0 0 0 0 0 0 0 0 
0.13 0.32 0.98 1.89 4.1 23.31 0 0 0 0 0 0 0 0 0 0 0 0 0 0 
0.13 0.48 0.76 1.67 3.31 5.38 22.42 0 0 0 0 0 0 0 0 0 0 0 0 0 
0.23 0.22 1.08 1.81 3.18 4.83 6.12 21.4 0 0 0 0 0 0 0 0 0 0 0 0 
0.12 0.43 0.98 1.97 3.23 4.47 5.23 6.59 20.13 0 0 0 0 0 0 0 0 0 0 0 
0.18 0.43 0.92 1.75 2.95 4.12 5.25 5.87 6.21 17.71 0 0 0 0 0 0 0 0 0 0 
0.17 0.34 0.9 1.76 3.03 4.1 5.4 5.95 6.07 6.15 15.98 0 0 0 0 0 0 0 0 0 
0.16 0.33 0.88 1.9 2.97 4.48 5.41 5.78 6 5.64 5.48 14.5 0 0 0 0 0 0 0 0 
0.15 0.39 0.95 1.98 3.17 4.54 5.32 5.46 6.03 5.86 5.19 4.78 12.65 0 0 0 0 0 0 0 
0.2 0.45 0.98 1.86 3.25 3.95 5.45 6.02 5.89 5.8 5.46 5.08 4.35 11.22 0 0 0 0 0 0 
0.15 0.33 0.74 1.99 3.19 3.95 5.11 5.83 6.78 6.11 5.62 4.84 4.66 4.56 9.36 0 0 0 0 0 
0.14 0.41 0.98 1.92 3.3 4.22 5.41 5.59 6.34 6.57 5.63 4.92 4.24 3.83 3.99 8.61 0 0 0 0 
0.14 0.3 0.74 1.68 2.78 4.22 5.5 5.71 6.42 6.37 6.1 5.66 4.86 4.22 3.68 3.62 6.93 0 0 0 
0.14 0.35 0.57 1.83 2.9 4.02 5.34 6.3 6.73 5.93 6.15 5.16 5.07 3.96 3.8 3.31 3.43 5.74 0 0 
0.17 0.23 0.76 1.83 2.47 3.92 5.01 6.2 6.15 6.48 6.03 5.72 4.86 4.4 4.03 3.38 3.32 2.89 5.19 0 
0.13 0.26 0.84 1.53 2.85 4.47 4.75 5.78 6.02 6.64 6.15 5.91 5.16 4.54 3.97 3.67 3.48 2.82 2.76 4.27 
