0.05
0.050025
0.05
0.05
0.05
0.05
0.05
0.05
0.05
0.05
0.05
0.05
0.05
0.05
0.05
0.05
0.05
0.05
0.05
0.05
0.05
0.05
0.05
0.05
0.05
0.05
0.05
0.05
0.05
0.05
0.05
0.05
0.05
0.05
0.05
0.05
0.05
0.05
0.05
0.05
0.05
0.05
0.05
0.05
0.046729
0.049975
0.05
0.05
0.050025
0.05
0.05
0.05
0.05
0.05
0.05
0.050025
0.050025
0.05
0.0429185
0.05
0.05
0.05
0.05
0.0501756
0.05
0.05
0.0465766
0.0500751
0.0424448
0.05
0.0501002
0.05
0.05
0.05
0.049975
0.0343053
0.05
0.05
0.04995
0.0499251
0.04995
0.049975
0.05
0.05
0.05
0.0485673
0.05
0.049975
0.05
0.0410172
0.0498753
0.049975
0.05
0.05
0.050025
0.049975
0.049975
0.05
0.05
0.0388802
