0
0
0
0
0
0
0
0
0
0
0.261097
0
0
0
0
0
0
0.17762
0
0
0
0
0
0
0
0
0
0
0
0
0
0
0
0
0
0
0
0
0
0
0
0
0
0
0
0
0
0
0
0
0
0
0
0
0
0
0
0
0
0
0
0
0
0
0
0
0
0
0
0
0
0
0
0
0
0
0
0
0
0
0
0
0
0
0
0
0
0
0
0
0
0
0
0
0
0
0
0
0
0
0
0
0
0
0
0
0
0
0
0
0
0
0
0
0
0
0
0
0
0
0
0
0
0
0
0
0
0
0
0
0
0
0
0
0
0
0
0
0
0
0
0
0
0
0
0
0
0
0
0
0
0
0
0
0
0
0
0
0
0
0
0
0
0
0
0
0
0
0
0
0
0
0
0
0
0
0
0
0
0
0
0
0
0
0
0
0
0
0
0
0
0
0
0
0
0
0
0
0
0
0
0
0
0
0
0
0
0
0
0
0
0
0
0
0
0
0
0
0
0
0
0
0
0
0
0
0
0
0
0
0
0
0
0
0
0
0
0
0
0
0
0
0
0
0
0
0
0
0
0
0
0
0
0
0
0
0
0
0
0
0
0
0
0
0
0
0
0
0
0
0
0
0
0
0
0
0
0
0
0
0
0
0
0
0
0
0
0
0
0
0
0
0
0
0
0
0
0
0
0
0.21978
0
0
0
0
0
0
0
0
0
0
0
0
0
0
0
0
0
0
0
0
0
0
0
0
0
0
0
0
0
0
0
0
0
0
0
0
0
0
0
0
0
0
0
0
0
0
0
0
0
0
0
0
0
0
0
0
0
0
0
0
0
0
0
0
0
0
0
0
0
0
0
0
0
0
0
0
0
0
0
0
0
0
0
0
0
0
0
0
0
0
0
0
0
0
0
0
0
0
0
0
0
0
0
0
0
0
0
0
0
0
0
0
0
0
0
0
0
0
0
0
0
0
0
0
0
0
0
0
0
0
0
0
0
0
0
0
0
0
0
0
0
0
0
0
0
0
0
0
0
0
0
0
0
0
0
0
0
0
0
0
0
0
0
0
0
0
0
0
0
0
0
0
0
0
0
0
0
0
0
0
0
0
0
0
0
0
0
0
0
0
0
0
0
0
0
0
0
0
0
0
0
0
0
0
0
0
0
0
0
0
0
0
0
0
0
0
0
0
0
0
0
0
0
0
0
0
0
0
0
0
0
0.225734
0
0
0
0
0
0
0
0
0
0
0
0
0
0
0
0
0
0
0
0
0
0
0
0
0
0
0
0
0
0
0
0
0
0
0
0
0
0
0
0
0
0
0
0
0
0
0
0
0
0
0
0
0
0
0
0
0
0
0
0
0
0
0
0
0
0
0
0
0
0
0
0
0
0
0
0
0
0
0
0
0
0
0
0
0
0
0
0
0
0
0
0
0
0
0
0
0
0
0
0
0
0
0
0
0
0
0
0
0
0
0
0
0
0
0
0
0
0
0
0
0
0
0
0
0
0
0
0
0
0
0
0
0
0
0
0
0
0
0
0
0
0
0
0
0
0
0
0
0
0
0
0
0
0
0
0
0
0
0
0
0
0
0
0
0
0
0
0
0
0
0
0
0
0
0
0
0
0
0
0
0
0
0
0
0
0
0
0
0
0
0
0
0
0
0
0
0
0
0
0
0
0
0
0
0
0
0
0
0
0
0
0
0
0
0
0
0
0
0
0
0
0
0
0
0
0
0
0
0
0
0
0
0
0
0
0
0
0
0
0
0
0
0
0
0
0
0
0
0
0
0
0
0
0
0
0
0.0943396
0
0
0
0
0
0
0.0258065
0
0
0
0
0
0
0
0
0
0
0
0
0
0
0
0
0
0
0
0
0
0
0
0
0
0
0
0
0
0
0
0
0
0
0
0
0
0
0
0
0
0
0
0
0
0
0
0
0
0
0
0
0
0
0
0
0
0
0
0
0.124069
0
0
0
0
0
0
0
0
0
0
0
0
0
0
0
0
0
0
0
0
0
0
0
0
0
0
0
0
0
0
0
0
0
0
0
0
0
0
0
0
0
0
0
0
0
0
0
0
0
0
0
0
0
0
0
0
0
0
0
0
0
0
0
0
0
0
0
0
0
0
0
0
0
0
0
0
0
0
0
0
0
0
0
0
0
0
0
0
0
0
0
0
0
0
0
0
0
0
0
0
0
0
0
0
0
0
0
0
0
0
0
0
0
0
0
0.172712
0
0
0
0
0.0116387
0
0
0
0.146199
0
0
0
0
0
0
0
0
0
0
0
0
0
0
0
0
0
0
0
0
0
0
0
0
0
0
0
0
0
0
0
0
0
0
0
0
0
0
0
0
0
0
0
0
0
0.025113
0
0
0
0
0
0
0
0
0
0
0
0
0
0
0
0
0
0
0.0333778
0
0
0
0
0
0
0
0
0
0
0
0
0
0
0
0
0
0
0
0
0
0
0
0
0
0
0
0
0
0
0
0
0
0
0
0
0
0
0
0
0
0
0
0
0
0
0
0
0
0
0
0
0
0
0
0
0
0
0
0
0
0.0342114
0
0
0
0
0.0344471
0
0
0
0
0
0
0
0
0
0
0
0
0
0
0
0
0
0
0
0
0
0.0270856
0
0
0
0
0
0
0
0
0
0
0
0
0
0.0306937
0
0
0
0
0
0
0
0
0
0
0
0
0
0
0
0
0
0
0
0
0
0
0
0
0
0
0
0
0
0
0
0
0
0
0
0
0
0
0
0
0
0.0278707
0
0
0
0
0
0
0
0.0320513
0
0
0
0
0
0
0
0
0
0
0
0
0
0
0
0
0
0
0
0
0
0
0
0
0
0.036245
0
0
0
0
0
0
0
0
0
0
0
0
0
0
0
0
0
0
0
0
0
0
0
0
0
0
0
0
0
0
0.0366166
0
0
0
0
0
0
0
0
0
0
0
0
0
0
0
0
0
0
0
0
0
0
0
0
0
0
0
0
0
0
0
0
0
0
0
0
0
0
0
0.0359712
0
0
0
0
0
0
0
0.0404858
0
0
0.0529942
0
0
0
0
0
0
0.0243309
0
0.0238493
0
0
0
0
0
0
0
0
0
0
0
0
0
0
0
0
0
0
0
0
0
0
0
0
0
0
0
0
0
0.036846
0.0306466
0
0
0
0
0
0
0
0
0
0
0
0
0
0
0
0
0
0
0
0
0
0
0
0
0
0
0
0
0
0
0.0278862
0
0
0
0
0.0312402
0
0
0
0
0
0
0.0337952
0
0
0
0.0219829
0.0340599
0
0
0
0
0
0.0378501
0
0
0
0
0
0
0.0181357
0
0
0
0
0
0
0
0
0
0
0
0
0
0
0
0
0.0269614
0
0
0
0
0
0
0
0
0
0
0
0.00939055
0
0
0
0
0
0
0
0
0.0292912
0.0296296
0
0
0
0
0
0
0
0
0
0
0
0
0
0
0
0
0
0.0252461
0
0
0
0
0
0
0
0
0
0
0
0.0308452
0
0
0
0
0
0
0
0
0
0
0
0
0
0
0
0
0
0
0.0320821
0
0
0
0
0
0
0
0
0
0
0
0
0
0
0
0
0.0359195
0
0
0
0
0
0
0
0.0330469
0
0
0
0
0.0385951
0
0
0
0.036062
0
0
0
0
0
0
0
0
0
0
0
0
0
0
0
0.017322
0
0
0
0
0
0
0
0
0
0
0.0169262
0
0
0.0405022
0
0.0216826
0
0
0.0351989
0
0
0
0
0
0
0
0
0
0
0
0
0
0
0
0
0
0
0
0
0
0
0
0.037594
0
0.0378644
0.0361141
0
0
0.0331345
0.0223764
0
0
0
0.0220556
0
0
0
0
0
0
0
0
0
0
0
0
0
0
0
0
0
0
0
0
0
0
0.0313087
0
0
0
0
0
0
0
0.0412031
0
0
0
0
0
0
0
0
0
0
0
0
0
0
0
0
0
0
0
0
0.024266
0.0338409
0
0
0
0.031211
0
0
0
0
0
0
0
0
0
0
0
0
0
0
0
0
0
0
0
0
0
0.0283447
0
0
0
0
0
0
0
0
0.0401929
0
0
0
0.0320102
0
0
0
0
0
0
0
0
0
0
0
0
0
0.0308547
0
0
0
0
0.0396668
0
0.016372
0
0
0
0
0
0
0
0
0
0
0
0.037679
0
0
0
0
0
0
0
0
0
0
0.0277085
0.0180995
0
0.0217108
0
0
0
0
0
0
0
0
0
0
0
0.0379651
0.0411523
0
0
0
0
0
0
0
0
0
0
0
0
0.0177841
0
0
0
0
0.0477783
0.0365764
0
0
0
0
0.041632
0
0
0
0
0
0
0
0
0
0
0
0
0
0
0
0.034626
0.0378644
0
0
0
0
0.0388802
0
0
0
0
0
0.0236686
0
0.0380084
0
0
0
0
0
0
0
0
0.0147341
0
0
0
0
0
0.0343761
0
0
0
0
0.0380807
0
0
0
0
0
0
0
0
0
0
0.0324992
0
0.0327547
0
0
0
0
0
0
0
0
0
0.0324886
0
0
0
0
0
0
0
0
0
0
0
0
0
0
0
0
0
0
0.0369822
0
0
0
0
0
0
0
0
0
0
0
0
0
0.0440917
0
0
0
0
0
0
0
0
0
0
0
0.0293513
0.043554
0
0
0
0
0
0.0312695
0
0.0287109
0
0.0286615
0
0
0
0
0
0
0
0
0
0
0
0
0
0
0
0
0.0381679
0
0
0
0
0
0
0
0
0.0208855
0
0
0.0262881
0
0
0
0
0
0
0
0
0
0
0
0.043802
0
0.0321647
0
0.0475059
0
0
0
0.035137
0
0
0
0
0
0
0.0216076
0
0.0649773
0
0
0
0
0
0
0
0
0.0392311
0
0
0.0330579
0
0
0.0417014
0
0
0
0
0
0
0
0
0
0
0
0
0.029967
0
0
0
0.0384468
0
0
0.0124301
0
0
0
0
0
0
0.0361141
0
0
0
0
0
0
0
0
0.0317561
0
0
0
0
0
0
0
0
0
0.0387597
0
0.0339443
0
0
0
0
0
0
0
0
0
0
0.0352485
0
0
0.026137
0
0.0355366
0
0
0.0385208
0
0
0
0
0
0
0
0
0
0
0
0
0
0
0.0350631
0
0.0363769
0
0
0
0
0
0.0265041
0.0438982
0
0
0
0
0.0381971
0
0
0.0457457
0
0
0.031027
0.0424989
0
0
0
0
0
0
0
0
0
0
0
0
0
0
0.0309119
0
0
0
0
0
0
0
0
0
0.0379363
0
0
0
0
0
0
0
0
0
0
0
0
0
0
0
0.0184196
0
0
0
0
0
0
0
0
0
0
0
0
0
0.030248
0.038506
0.0251889
0
0
0
0
0.0186567
0
0
0
0
0
0
0
0.0422833
0
0
0
0
0
0
0
0
0
0
0.0330797
0
0
0
0
0
0
0
0
0
0
0
0.0466418
0
0
0
0.0432713
0.0394322
0
0
0
0
0.0351247
0
0
0
0
0
0.0356633
0
0
0
0
0.0420698
0
0.0149388
0
0
0
0
0
0.0326477
0
0
0.0332779
0
0
0
0
0
0
0
0
0
0
0
0
0
0.0428266
0
0
0
0
0
0
0
0
0
0.0419463
0
0
0
0
0
0
0
0
0
0
0
0
0
0
0.0228781
0
0
0
0.022482
0
0.0285633
0
0
0
0
0.0340136
0.0380084
0
0
0
0.0126952
0.0324675
0
0
0
0
0.0439174
0
0
0
0
0.0286615
0
0.042517
0.0438404
0.0347464
0
0
0
0
0
0
0.0377929
0.0256148
0
0
0.0461681
0.0400802
0
0.0396825
0
0
0.0329381
0.0419992
0.041632
0.0301932
0
0
0
0.020829
0.0171792
0
0
0
0.0401445
0
0.031407
0.045106
0.0438789
0
0
0
0
0
0
0
0
0
0.044964
0
0.0160694
0
0
0
0.0196541
0
0.0368324
0.0219732
0.0309502
0
0.0402901
0
0
0
0
0
0
0
0
0
0
0.041511
0
0
0.0347343
0.0320718
0.0441112
0
0.0401284
0
0.0392157
0.0442478
0.0430293
0
0
0
0
0
0
0.0372995
0
0.0292056
0
0
0
0
0.0415973
0.0250564
0
0
0
0
0
0
0
0
0
0.0376364
0
0
0
0
0
0
0.0334784
0
0
0
0
0
0.0353607
0
0
0
0
0
0.0256213
0
0
0
0
0
0
0
0
0.00879198
0
0
0.0294985
0
0
0
0
0
0
0
0
0
0.0301841
0
0
0
0.0225989
0.0363636
0.0320307
0
0
0.0470367
0
0
0
0
0
0.0456204
0
0
0
0.0179662
0
0
0.0222717
0
0.0271076
0
0
0
0
0
0
0
0.0423012
0
0.0215657
0
0.0431034
0
0
0.0347705
0
0
0.0331126
0
0
0
0
0
0
0.0432339
0
0
0.0127714
0
0
0
0
0
0
0.031027
0
0
0
0
0.0289687
0
0
0
0
0
0
0
0
0
0.0296209
0
0
0
0
0
