0.049975
0.0530504
0.05
0.04995
0.05
0.0503525
0.05
0.05
0.1002
0.05
0.0500501
0.05
0.05
0.05
0.0499251
0.0499002
0.05
0.05
0.05
0.05
0.05
0.04995
0.049776
0.05
0.05
0.05
0.049975
0.05
0.049975
0.0500501
0.05
0.050025
0.050025
0.05
0.050025
0.049975
0.049975
0.0500751
0.050025
0.05
0.05
0.050025
0.05
0.049975
0.05
0.049975
0.050025
0.05
0.0500751
0.049975
0.05
0.05
0.05
0.05
0.05
0.04995
0.05
0.04995
0.04995
0.05
0.05
0.050025
0.05
0.05
0.05
0.05
0.05
0.0501505
0.05
0.05
0.05
0.05
0.05
0.049975
0.05
0.05
0.05
0.0499002
0.0500751
0.049975
0.0641849
0.05
0.0567215
0.0502513
0.05
0.049975
0.050226
0.05
0.05
0.05
0.05
0.05
0.050025
0.0498008
0.05
0.05
0.050025
0.0500501
0.05
0.05
0.05
0.05
0.05
0.05
0.05
0.05
0.0499002
0.05
0.05
0.05
0.05
0.05
0.0500751
0.05
0.05
0.05
0.0508647
0.05
0.05
0.05
0.05
0.05
0.05
0.05
0.0498753
0.0541126
0.05
0.05
0.05
0.05
0.05
0.05
0.05
0.05
0.05
0.05
0.05
0.05
0.05
0.05
0.05
0.05
0.05
0.05
0.05
0.05
0.0503018
0.05
0.05
0.05
0.05
0.05
0.05
0.05
0.05
0.05
0.05
0.05
0.05
0.05
0.05
0.05
0.05
0.05
0.05
0.05
0.05
0.05
0.05
0.05
0.05
0.05
0.05
0.05
0.05
0.05
0.05
0.05
0.05
0.05
0.05
0.05
0.05
0.05
0.05
0.05
0.05
0.05
0.05
0.05
0.05
0.05
0.05
0.05
0.05
0.05
0.05
0.05
0.05
0.05
0.05
0.05
0.05
0.05
0.05
0.05
0.05
0.05
0.05
0.05
0.05
0.05
0.05
0.05
0.05
0.05
0.05
0.05
0.05
0.05
0.05
0.05
0.05
0.05
0.05
0.05
0.05
0.05
0.05
0.05
0.05
0.05
0.05
0.05
0.05
0.05
0.05
0.05
0.05
0.05
0.05
0.05
0.05
0.05
0.05
0.05
0.05
0.05
0.05
0.05
0.05
0.05
0.05
0.05
0.05
0.05
0.05
0.05
0.05
0.05
0.05
0.05
0.05
0.05
0.05
0.05
0.05
0.05
0.05
0.05
0.05
0.05
0.05
0.05
0.05
0.05
0.05
0.05
0.05
0.05
0.05
0.05
0.05
0.05
0.05
0.05
0.05
0.05
0.05
0.05
0.05
0.05
0.05
0.05
0.05
0.05
0.05
0.05
0.05
0.05
0.05
0.05
0.05
0.05
0.05
0.05
0.05
0.05
0.05
0.05
0.05
0.05
0.05
0.05
0.05
0.05
0.05
0.05
0.05
0.05
0.05
0.05
0.05
0.05
0.05
0.05
0.05
0.049975
0.05
0.05
0.05
0.05
0.05
0.05
0.05
0.05
0.05
0.05
0.05
0.05
0.05
0.05
0.05
0.05
0.05
0.05
0.05
0.05
0.05
0.05
0.05
0.05
0.05
0.05
0.05
0.05
0.05
0.05
0.05
0.05
0.05
0.05
0.05
0.05
0.05
0.05
0.05
0.05
0.05
0.05
0.05
0.05
0.05
0.05
0.05
0.05
0.05
0.05
0.05
0.05
0.05
0.05
0.05
0.05
0.05
0.05
0.05
0.05
0.05
0.05
0.05
0.05
0.05
0.05
0.05
0.05
0.05
0.05
0.05
0.05
0.05
0.05
0.05
0.05
0.05
0.05
0.05
0.05
0.05
0.05
0.05
0.05
0.05
0.05
0.05
0.05
0.05
0.05
0.05
0.05
0.05
0.05
0.05
0.05
0.05
0.05
0.05
0.05
0.05
0.05
0.05
0.05
0.05
0.05
0.05
0.05
0.05
0.05
0.05
0.05
0.05
0.05
0.05
0.05
0.05
0.05
0.05
0.05
0.05
0.05
0.05
0.05
0.05
0.05
0.05
0.05
0.05
0.05
0.05
0.05
0.05
0.05
0.05
0.05
0.05
0.05
0.05
0.05
0.05
0.05
0.05
0.05
0.05
0.05
0.05
0.05
0.05
0.05
0.05
0.05
0.05
0.05
0.05
0.05
0.05
0.05
0.05
0.05
0.05
0.05
0.05
0.05
0.05
0.05
0.05
0.05
0.05
0.05
0.05
0.05
0.05
0.05
0.05
0.05
0.05
0.05
0.05
0.05
0.05
0.05
0.05
0.05
0.05
0.05
0.05
0.05
0.05
0.05
0.05
0.05
0.05
0.05
0.05
0.05
0.05
0.05
0.05
0.05
0.05
0.05
0.049975
0.05
0.05
0.05
0.05
0.05
0.05
0.05
0.05
0.05
0.05
0.05
0.05
0.05
0.05
0.05
0.05
0.05
0.05
0.05
0.05
0.05
0.05
0.05
0.05
0.05
0.05
0.05
0.05
0.05
0.05
0.05
0.05
0.05
0.05
0.05
0.05
0.05
0.05
0.05
0.05
0.05
0.05
0.05
0.05
0.05
0.05
0.05
0.05
0.05
0.05
0.05
0.05
0.05
0.05
0.05
0.04995
0.05
0.05
0.05
0.05
0.05
0.05
0.05
0.05
0.05
0.05
0.05
0.05
0.05
0.05
0.05
0.05
0.05
0.05
0.05
0.05
0.05
0.05
0.05
0.05
0.05
0.05
0.05
0.05
0.05
0.05
0.05
0.05
0.05
0.05
0.05
0.05
0.05
0.05
0.05
0.05
0.05
0.05
0.05
0.05
0.05
0.05
0.05
0.05
0.05
0.05
0.05
0.05
0.05
0.05
0.05
0.05
0.05
0.05
0.05
0.05
0.05
0.05
0.05
0.05
0.05
0.05
0.05
0.05
0.05
0.05
0.05
0.05
0.05
0.05
0.05
0.05
0.05
0.05
0.05
0.05
0.05
0.05
0.05
0.05
0.05
0.05
0.05
0.05
0.05
0.05
0.05
0.05
0.05
0.05
0.05
0.05
0.05
0.05
0.05
0.05
0.05
0.05
0.05
0.05
0.05
0.05
0.05
0.05
0.05
0.05
0.05
0.05
0.05
0.05
0.05
0.049975
0.05
0.05
0.05
0.05
0.05
0.05
0.05
0.05
0.05
0.05
0.049975
0.05
0.05
0.05
0.05
0.05
0.05
0.05
0.05
0.05
0.05
0.05
0.05
0.049975
0.05
0.05
0.05
0.05
0.05
0.05
0.05
0.05
0.05
0.05
0.05
0.05
0.05
0.05
0.05
0.05
0.05
0.05
0.05
0.05
0.05
0.05
0.05
0.05
0.05
0.05
0.05
0.05
0.049975
0.05
0.05
0.05
0.05
0.05
0.05
0.05
0.05
0.05
0.05
0.05
0.05
0.05
0.05
0.05
0.05
0.05
0.05
0.05
0.05
0.05
0.05
0.05
0.05
0.05
0.05
0.05
0.05
0.05
0.05
0.05
0.05
0.05
0.049975
0.05
0.05
0.05
0.05
0.05
0.05
0.05
0.05
0.05
0.05
0.05
0.05
0.05
0.05
0.05
0.050025
0.05
0.049975
0.05
0.05
0.05
0.05
0.05
0.05
0.05
0.05
0.05
0.05
0.05
0.05
0.05
0.05
0.05
0.05
0.05
0.05
0.05
0.05
0.05
0.05
0.05
0.05
0.05
0.05
0.05
0.05
0.05
0.049975
0.05
0.049975
0.05
0.05
0.05
0.05
0.05
0.05
0.05
0.05
0.05
0.05
0.05
0.05
0.05
0.05
0.05
0.05
0.05
0.05
0.049975
0.05
0.05
0.05
0.05
0.05
0.05
0.05
0.05
0.05
0.05
0.05
0.0500501
0.05
0.049975
0.05
0.05
0.0500501
0.05
0.05
0.049975
0.05
0.05
0.05
0.05
0.05
0.05
0.05
0.05
0.05
0.05
0.05
0.049975
0.05
0.05
0.05
0.05
0.05
0.05
0.05
0.05
0.05
0.05
0.05
0.05
0.05
0.05
0.05
0.050025
0.05
0.05
0.05
0.05
0.05
0.05
0.04995
0.05
0.05
0.05
0.05
0.05
0.05
0.05
0.05
0.05
0.05
0.05
0.05
0.0500501
0.05
0.05
0.05
0.05
0.05
0.05
0.05
0.05
0.05
0.05
0.05
0.05
0.05
0.05
0.049975
0.049975
0.0466418
0.05
0.05
0.05
0.05
0.05
0.05
0.05
0.049975
0.05
0.05
0.05
0.05
0.05
0.05
0.05
0.05
0.049975
0.05
0.05
0.05
0.05
0.05
0.04995
0.05
0.05
0.05
0.05
0.05
0.05
0.05
0.05
0.05
0.05
0.05
0.05
0.05
0.049975
0.05
0.04995
0.05
0.05
0.05
0.05
0.05
0.05
0.05
0.04995
0.05
0.05
0.05
0.05
0.049975
0.05
0.049975
0.05
0.050025
0.05
0.05
0.049975
0.05
0.05
0.05
0.05
0.05
0.05
0.05
0.05
0.05
0.05
0.05
0.05
0.05
0.05
0.05
0.05
0.05
0.05
0.05
0.05
0.05
0.05
0.05
0.05
0.05
0.05
0.0485437
0.05
0.05
0.05
0.05
0.049975
0.05
0.049975
0.05
0.05
0.05
0.05
0.05
0.05
0.05
0.05
0.049975
0.05
0.05
0.05
0.05
0.05
0.05
0.05
0.05
0.05
0.05
0.049975
0.05
0.05
0.05
0.05
0.05
0.05
0.05
0.05
0.05
0.050025
0.05
0.05
0.0498753
0.05
0.05
0.05
0.05
0.05
0.05
0.05
0.04995
0.05
0.05
0.05
0.05
0.04995
0.05
0.05
0.05
0.049975
0.05
0.0457038
0.05
0.05
0.05
0.049975
0.05
0.050025
0.05
0.05
0.05
0.05
0.05
0.05
0.05
0.05
0.05
0.05
0.05
0.05
0.05
0.05
0.05
0.05
0.05
0.05
0.05
0.05
0.05
0.05
0.05
0.0439947
0.049975
0.05
0.05
0.05
0.05
0.049975
0.05
0.05
0.05
0.05
0.05
0.05
0.05
0.05
0.05
0.05
0.05
0.05
0.05
0.05
0.05
0.05
0.05
0.049975
0.0441891
0.05
0.05
0.049975
0.05
0.049975
0.049975
0.050025
0.05
0.049975
0.05
0.05
0.05
0.05
0.05
0.049975
0.05
0.05
0.05
0.049975
0.05
0.05
0.05
0.05
0.05
0.05
0.05
0.05
0.05
0.05
0.05
0.05
0.049975
0.05
0.05
0.049975
0.049975
0.05
0.05
0.049975
0.05
0.05
0.049975
0.05
0.05
0.05
0.05
0.05
0.05
0.05
0.05
0.0527426
0.05
0.05
0.04995
0.05
0.04995
0.05
0.05
0.049975
0.050025
0.05
0.05
0.05
0.05
0.05
0.05
0.05
0.05
0.05
0.05
0.05
0.05
0.05
0.05
0.05
0.049975
0.05
0.05
0.05
0.049975
0.049505
0.049975
0.05
0.05
0.05
0.05
0.05
0.05
0.05
0.050025
0.05
0.05
0.0318471
0.0379939
0.05
0.04329
0.05
0.05
0.05
0.05
0.049975
0.05
0.05
0.05
0.05
0.05
0.05
0.05
0.05
0.05
0.05
0.05
0.05
0.05
0.049975
0.04995
0.050025
0.049975
0.05
0.05
0.050025
0.05
0.05
0.05
0.05
0.050025
0.050025
0.05
0.05
0.0500501
0.05
0.05
0.05
0.0379795
0.05
0.05
0.05
0.05
0.05
0.05
0.05
0.05
0.05
0.05
0.05
0.049975
0.05
0.05
0.05
0.05
0.05
0.05
0.049975
0.05
0.05
0.05
0.050025
0.05
0.05
0.05
0.05
0.05
0.05
0.0497018
0.049975
0.0500751
0.05
0.05
0.049975
0.050025
0.049975
0.05
0.05
0.04995
0.05
0.05
0.05
0.05
0.05
0.0884173
0.05
0.05
0.05
0.05
0.050025
0.0372162
0.04995
0.05
0.05
0.05
0.05
0.05
0.049975
0.050025
0.0499251
0.05
0.05
0.05
0.05
0.05
0.04995
0.04995
0.049975
0.05
0.049975
0.05
0.05
0.05
0.05
0.05
0.05
0.05
0.05
0.05
0.05
0.05
0.049975
0.05
0.05
0.049975
0.05
0.05
0.049975
0.05
0.05
0.05
0.05
0.05
0.049975
0.05
0.05
0.05
0.05
0.049975
0.05
0.049975
0.0499251
0.049975
0.05
0.05
0.05
0.050025
0.0499002
0.05
0.049975
0.049975
0.05
0.05
0.05
0.05
0.05
0.05
0.049975
0.050025
0.049975
0.04995
0.050025
0.05
0.05
0.05
0.05
0.0443066
0.05
0.0499251
0.05
0.05
0.05
0.05
0.05
0.05
0.05
0.05
0.05
0.05
0.05
0.05
0.05
0.05
0.05
0.05
0.049975
0.05
0.05
0.05
0.05
0.049975
0.05
0.050025
0.05
0.05
0.05
0.05
0.049975
0.05
0.05
0.049975
0.05
0.05
0.049975
0.05
0.05
0.0499251
0.04995
0.05
0.050025
0.05
0.05
0.04995
0.050025
0.05
0.05
0.05
0.05
0.049975
0.05
0.049975
0.05
0.05
0.05
0.049975
0.05
0.05
0.05
0.05
0.05
0.05
0.049975
0.05
0.05
0.05
0.05
0.05
0.05
0.05
0.05
0.049975
0.05
0.05
0.05
0.04995
0.05
0.05
0.049975
0.05
0.05
0.05
0.05
0.05
0.05
0.049975
0.05
0.05
0.050025
0.049975
0.05
0.050025
0.05
0.049975
0.05
0.05
0.05
0.049975
0.05
0.049975
0.05
0.05
0.049975
0.05
0.05
0.05
0.05
0.05
0.05
0.05
0.05
0.05
0.05
0.04995
0.05
0.049975
0.05
0.05
0.05
0.05
0.05
0.05
0.05
0.05
0.049975
0.05
0.05
0.05
0.05
0.049975
0.050025
0.050025
0.05
0.04995
0.05
0.05
0.05
0.05
0.05
0.05
0.05
0.0499002
0.05
0.05
0.05
0.05
0.05
0.05
0.05
0.05
0.05
0.05
0.05
0.05
0.049975
0.05
0.05
0.05
0.05
0.04329
0.049975
0.05
0.05
0.05
0.05
0.0500751
0.049975
0.05
0.05
0.042123
0.05
0.05
0.049975
0.049975
0.05
0.05
0.05
0.049975
0.05
0.049975
0.05
0.049975
0.0501253
0.05
0.049975
0.0498256
0.05
0.05
0.05
0.049975
0.049975
0.05
0.05
0.04995
0.05
0.049975
0.05
0.05
0.05
0.049975
0.0501253
0.050025
0.049975
0.05
0.050025
0.05
0.0500501
0.049975
0.05
0.05
0.05
0.050025
0.05
0.0500501
0.0452489
0.05
0.05
0.05
0.05
0.05
0.049975
0.05
0.049975
0.05
0.04995
0.05
0.0483559
0.05
0.049975
0.05
0.05
0.05
0.05
0.049975
0.0354862
0.05
0.05
0.05
0.05
0.049975
0.05
0.05
0.05
0.05
0.049975
0.05
0.0499251
0.049975
0.05
0.0500501
0.05
0.049975
0.05
0.05
0.049975
0.05
0.049975
0.05
0.0500751
0.05
0.05
0.05
0.05
0.05
0.05
0.05
0.0501002
0.05
0.049975
0.04995
0.040568
0.05
0.050025
0.049975
0.049975
0.05
0.05
0.036075
0.05
0.049975
0.050025
0.049975
0.05
0.050025
0.049975
0.05
0.05
0.049975
0.05
0.04995
0.05
0.04995
0.049975
0.049975
0.05
0.05
0.05
0.050025
0.05
0.050025
0.05
0.049975
0.05
0.05
0.04995
0.0500501
0.049975
0.0454545
0.05
0.05
0.05
0.05
0.049975
0.05
0.049975
0.05
0.0395257
0.0485673
0.05
0.05
0.04995
0.050025
0.05
0.050025
0.05
0.049975
0.05
0.050025
0.0331895
0.049975
0.05
0.049975
0.05
0.05
0.05
0.05
0.049975
0.050025
0.05
0.049975
0.05
0.05
0.05
0.05
0.05
0.05
0.0493097
0.0507872
0.05
0.05
0.050025
0.0500501
0.049975
0.05
0.0500501
0.05
0.05
0.0488759
0.05
0.05
0.049975
0.049975
0.05
0.05
0.05
0.05
0.05
0.05
0.05
0.049975
0.05
0.050025
0.049975
0.05
0.049975
0.049975
0.0500501
0.05
0.05
0.049975
0.05
0.050025
0.050025
0.049975
0.04995
0.05
0.05
0.05
0.05
0.05
0.05
0.05
0.050025
0.049975
0.05
0.05
0.049975
0.05
0.05
0.05
0.049975
0.05
0.05
0.050025
0.05
0.049975
0.049975
0.049975
0.049975
0.0479846
0.05
0.05
0.049975
0.050025
0.05
0.05
0.050025
0.05
0.049975
0.05
0.049975
0.05
0.0377074
0.05
0.05
0.049975
0.050025
0.05
0.049975
0.05
0.050025
0.05
0.05
0.040016
0.04995
0.0369413
0.05
0.05
0.05
0.04995
0.05
0.049975
0.05
0.0499251
0.05
0.049975
0.05
0.05
0.049975
0.05
0.0500751
0.050025
0.05
0.05
0.049975
0.05
0.05
0.05
0.05
0.05
0.05
0.05
0.05
0.05
0.05
0.049975
0.0437254
0.05
0.049975
0.05
0.05
0.05
0.049975
0.05
0.0499251
0.05
0.05
0.05
0.050025
0.05
0.05
0.05
0.05
0.05
0.05
0.05
0.049975
0.05
0.050025
0.049975
0.04995
0.049975
0.05
0.05
0.05
0.05
0.05
0.04995
0.05
0.0501002
0.05
0.050025
0.05
0.05
0.05
0.05
0.05
0.05
0.050025
0.05
0.05
0.0488043
0.05
0.0380807
0.05
0.05
0.05
0.05
0.0523834
0.05
0.05
0.049975
0.05
0.0499251
0.05
0.049975
0.04995
0.049975
0.0336814
0.049975
0.05
0.047081
0.0499002
0.0352983
0.05
0.05
0.05
0.04995
0.05
0.05
0.050025
0.05
0.049975
0.049975
0.05
0.05
0.05
0.049975
0.049975
0.0452694
0.05
0.0297974
0.05
0.05
0.05
0.05
0.050025
0.05
0.0495295
0.05
0.0498753
0.05
0.05
0.05
0.05
0.049975
0.0499251
0.05
0.049975
0.05
0.05
0.05
0.05
0.0499251
0.0500751
0.05
0.05
0.05
0.0500501
0.05
0.05
0.05
0.0466636
0.05
0.05
0.05
0.049975
0.05
0.05
0.05
0.0500501
0.05
0.0500501
0.049975
0.049975
0.05
0.0500751
0.05
0.05
0.05
0.05
0.049975
0.04995
0.0499002
0.05
0.05
0.049975
0.05
0.05
0.049975
0.0500751
0.0325203
0.05
0.0304785
0.05
0.049975
0.05
0.05
0.05
0.0496032
0.050025
0.05
0.0497512
0.049975
0.05
0.04995
0.049975
0.04995
0.049975
0.049975
0.05
0.05
0.05
0.05
0.05
0.049975
0.049975
0.04995
0.050025
0.050025
0.049975
0.05
0.04995
0.05
0.05
0.05
0.0499251
0.05
0.050025
0.036846
0.0498008
0.036245
0.05
0.05
0.05
0.05
0.05
0.049975
0.05
0.05
0.05
0.050025
0.0501253
0.05
0.05
0.0500751
0.049975
0.050025
0.05
0.05
0.050025
0.04995
0.049975
0.05
0.049975
0.05
0.04995
0.0441696
0.05
0.04995
0.04995
0.050025
0.05
0.05
0.05
0.05
0.05
0.049975
0.05
0.049975
0.049975
0.05
0.05
0.05
0.029967
0.0501253
0.050025
0.05
0.0357398
0.049975
0.05
0.034638
0.0379651
0.05
0.05
0.05
0.05
0.0499251
0.05
0.05
0.049975
0.04995
0.05
0.050025
0.0388954
0.05
0.05
0.05
0.05
0.05
0.05
0.05
0.05
0.05
0.05
0.05
0.05
0.05
0.049975
0.049975
0.05
0.05
0.050025
0.05
0.04995
0.0412712
0.049975
0.05
0.049975
0.049975
0.05
0.050025
0.049975
0.05
0.05
0.0331345
0.0478011
0.050025
0.05
0.049975
0.05
0.0498504
0.05
0.049975
0.05
0.05
0.05
0.05
0.05
0.049975
0.049975
0.050025
0.05
0.05
0.05
0.049975
0.0317864
0.0498753
0.0382263
0.05
0.049975
0.05
0.05
0.05
0.049975
0.0500751
0.05
0.05
0.05
0.05
0.050025
0.05
0.05
0.049975
0.05
0.05
0.0461042
0.05
0.05
0.05
0.05
0.05
0.05
0.0500751
0.049975
0.05
0.05
0.0396983
0.0496032
0.05
0.0499251
0.05
0.05
0.05
0.05
0.050025
0.05
0.05
0.05
0.050025
0.0499251
0.05
0.049975
0.05
0.049975
0.05
0.050025
0.05
0.050025
0.0500751
0.05
0.0503271
0.0499251
0.05
0.05
0.05
0.05
0.0500501
0.05
0.05
0.05
0.05
0.05
0.050025
0.049975
0.05
0.0412031
0.0499251
0.049975
0.05
0.0397456
0.0500501
0.05
0.04995
0.05
0.050025
0.049975
0.0500501
0.049975
0.049975
0.05
0.05
0.05
0.05
0.049975
0.05
0.0438596
0.05
0.0466418
0.05
0.0499002
0.05
0.050025
0.049975
0.0299491
0.05
0.049975
0.05
0.05
0.049975
0.05
0.05
0.05
0.0396197
0.04995
0.05
0.05
0.050025
0.050025
0.05
0.05
0.05
0.05
0.050025
0.0500501
0.0500501
0.05
0.05
0.05
0.050025
0.0425532
0.050025
0.05
0.049975
0.05
0.05
0.05
0.05
0.05
0.04995
0.049975
0.049975
0.05
0.049975
0.049975
0.05
0.0396197
0.049975
0.05
0.0502513
0.05
0.050025
0.050025
0.05
0.05
0.050025
0.050025
0.05
0.05
0.049975
0.050025
0.04995
0.05
0.04995
0.05
0.049975
0.0426985
0.049975
0.049975
0.0500751
0.045208
0.0499251
0.0500751
0.05
0.050025
0.05
0.0498256
0.05
0.04995
0.050025
0.049975
0.049975
0.049975
0.05
0.049975
0.049975
0.05
0.05
0.0499251
0.050025
0.05
0.05
0.05
0.05
0.049975
0.050025
0.05
0.05
0.0411353
0.05
0.05
0.05
0.05
0.0498256
0.034638
0.05
0.049975
0.04995
0.050025
0.05
0.05
0.05
0.05
0.05
0.050025
0.0499251
0.049975
0.0374251
0.049975
0.04995
0.0500501
0.0499251
0.05
0.0500751
0.049975
0.0369549
0.0398406
0.049975
0.05
0.05
0.05
0.0309023
0.0382555
0.05
0.05
0.050025
0.05
0.05
0.050025
0.0500501
0.05
0.0499251
0.0437445
0.05
0.05
0.049975
0.049975
0.05
0.034459
0.05
0.0499002
0.05
0.049975
0.05
0.0479846
0.05
0.049975
0.050025
0.049975
0.0283688
0.0269978
0.05
0.05
0.05
0.0375094
0.05
0.05
0.049975
0.05
0.05
0.0371471
0.05
0.0332005
0.0500501
0.05
0.049975
0.049975
0.050025
0.05
0.0463607
0.0498504
0.05
0.05
0.05
0.05
0.05
0.0501505
0.0500501
0.05
0.049975
0.049975
0.049975
0.05
0.05
0.05
0.05
0.04995
0.0501002
0.049975
0.0418585
0.05
0.05
0.050025
0.049975
0.0502513
0.049975
0.0295683
0.0337724
0.0500501
0.0316957
0.049975
0.05
0.05
0.04995
0.05
0.05
0.05
0.0316756
0.05
0.0359583
0.0330142
0.05
0.049975
0.05
0.0227015
0.0499251
0.050025
0.0368868
0.04995
0.049975
0.05
0.05
