0.3 0 0 0 0 0 0 0 0 0 0 0 0 0 0 0 0 0 0 0 
0.1 2.8 0 0 0 0 0 0 0 0 0 0 0 0 0 0 0 0 0 0 
0.2 0.6 10.5 0 0 0 0 0 0 0 0 0 0 0 0 0 0 0 0 0 
0.1 0.2 2.2 18.8 0 0 0 0 0 0 0 0 0 0 0 0 0 0 0 0 
0.2 0.1 0.9 4.1 21 0 0 0 0 0 0 0 0 0 0 0 0 0 0 0 
0.4 0.7 1.2 1.5 5 23.5 0 0 0 0 0 0 0 0 0 0 0 0 0 0 
0.1 0.3 0.3 1.8 3.3 6 22.5 0 0 0 0 0 0 0 0 0 0 0 0 0 
0.3 0.2 1.2 1.8 3 4 7 23.4 0 0 0 0 0 0 0 0 0 0 0 0 
0 0.2 0.7 2.8 2.4 4.9 5.9 8.1 19.1 0 0 0 0 0 0 0 0 0 0 0 
0.1 0.4 0.8 2.2 3.2 4.5 5.4 5.1 5.1 16.3 0 0 0 0 0 0 0 0 0 0 
0.2 0.2 0.5 2.9 2.6 5.1 4.9 5.6 6.4 5.2 15.1 0 0 0 0 0 0 0 0 0 
0.1 0.1 0.8 2.2 3.5 4.4 5.5 4.3 5.6 5.5 6.6 13 0 0 0 0 0 0 0 0 
0.2 0.5 1.1 1.9 3.6 4.9 6.1 6.1 5.4 6.4 4.1 4.8 11 0 0 0 0 0 0 0 
0.2 0.2 1.6 1.4 3.1 3.6 6.1 5.3 5.9 5.7 6 4.2 5.5 10 0 0 0 0 0 0 
0.3 0.4 1.4 1.5 3 4.6 4.7 6.7 6.1 6.2 6.3 3.9 4.7 3.9 8.6 0 0 0 0 0 
0 0.4 0.9 2.1 2.5 4 5.6 6.3 5.9 6.9 4.6 4.4 4.3 4.7 2.6 9.6 0 0 0 0 
0.1 0.6 1 1.4 3.4 4.7 5.9 5.4 6 5.3 6.6 4.8 5.2 3.9 3.4 3 7.3 0 0 0 
0.1 0.4 1.6 1.6 2.8 5.1 6.1 5.2 6.8 6.8 4.9 6.2 4.5 3.9 4.5 3 2.9 6 0 0 
0.3 0.2 0.7 1.6 3.4 4.7 5.6 4.7 5.5 7.1 6.1 6.3 3.2 3.5 4.4 4.6 3.1 2.9 5.8 0 
0.3 0.4 0.4 1.2 3.2 4.2 6.5 6.5 5 6.6 5.7 5.5 5 4.2 5.1 3.1 3.2 2 3.3 4.5 
