23.1 0 0 0 0 0 0 0 0 0 0 0 0 0 0 0 0 0 0 0 
7.5 39 0 0 0 0 0 0 0 0 0 0 0 0 0 0 0 0 0 0 
1.7 9.2 57.7 0 0 0 0 0 0 0 0 0 0 0 0 0 0 0 0 0 
0.2 0.6 7.7 76.3 0 0 0 0 0 0 0 0 0 0 0 0 0 0 0 0 
0 0 0.6 4.8 88.3 0 0 0 0 0 0 0 0 0 0 0 0 0 0 0 
0 0 0.1 0.2 3.6 92.9 0 0 0 0 0 0 0 0 0 0 0 0 0 0 
0 0 0 0 0 1.8 97.4 0 0 0 0 0 0 0 0 0 0 0 0 0 
0 0.1 0 0 0 0 1.5 98.3 0 0 0 0 0 0 0 0 0 0 0 0 
0 0 0 0 0 0 0 0.4 99.6 0 0 0 0 0 0 0 0 0 0 0 
0 0 0 0 0 0 0 0 0.2 99.8 0 0 0 0 0 0 0 0 0 0 
0 0 0 0 0 0 0 0 0 0.3 99.7 0 0 0 0 0 0 0 0 0 
0 0 0 0 0 0 0 0 0 0 0.1 99.9 0 0 0 0 0 0 0 0 
0 0 0 0 0 0 0 0 0 0 0 0 100 0 0 0 0 0 0 0 
0 0 0 0 0 0 0 0 0 0 0 0 0.2 99.8 0 0 0 0 0 0 
0 0 0 0 0 0 0 0 0 0 0 0 0 0 100 0 0 0 0 0 
0 0 0 0 0 0 0 0 0 0 0 0 0 0 0.1 99.9 0 0 0 0 
0 0 0 0 0 0 0 0 0 0 0 0 0 0 0 0 100 0 0 0 
0 0 0 0 0 0 0 0 0 0 0 0 0 0 0 0 0 100 0 0 
0 0 0 0 0 0 0 0 0 0 0 0 0 0 0 0 0 0 100 0 
0 0 0 0 0 0 0 0 0 0 0 0 0 0 0 0 0 0 0 100 
