22.95 0 0 0 0 0 0 0 0 0 0 0 0 0 0 0 0 0 0 0 
7.65 40.11 0 0 0 0 0 0 0 0 0 0 0 0 0 0 0 0 0 0 
1.1 9.21 58.42 0 0 0 0 0 0 0 0 0 0 0 0 0 0 0 0 0 
0.27 0.75 7.86 75.04 0 0 0 0 0 0 0 0 0 0 0 0 0 0 0 0 
0.14 0.09 0.4 5.6 86.74 0 0 0 0 0 0 0 0 0 0 0 0 0 0 0 
0.07 0.01 0.01 0.12 3.34 93.8 0 0 0 0 0 0 0 0 0 0 0 0 0 0 
0 0.01 0 0.02 0.02 1.69 97.46 0 0 0 0 0 0 0 0 0 0 0 0 0 
0 0 0.01 0.01 0 0.01 0.9 98.77 0 0 0 0 0 0 0 0 0 0 0 0 
0 0 0 0 0 0 0 0.52 99.41 0 0 0 0 0 0 0 0 0 0 0 
0 0 0 0 0 0 0 0 0.24 99.75 0 0 0 0 0 0 0 0 0 0 
0 0 0 0 0 0 0 0 0 0.16 99.84 0 0 0 0 0 0 0 0 0 
0 0 0 0 0 0 0 0 0 0 0.08 99.91 0 0 0 0 0 0 0 0 
0 0 0 0 0 0 0 0 0 0 0 0.02 99.98 0 0 0 0 0 0 0 
0 0 0 0 0 0 0 0 0 0 0 0 0.04 99.96 0 0 0 0 0 0 
0 0 0 0 0 0 0 0 0 0 0 0 0 0.03 99.97 0 0 0 0 0 
0 0 0 0 0 0 0 0 0 0 0 0 0 0 0 100 0 0 0 0 
0 0 0 0 0 0 0 0 0 0 0 0 0 0 0 0 100 0 0 0 
0 0 0 0 0 0 0 0 0 0 0 0 0 0 0 0 0 100 0 0 
0 0 0 0 0 0 0 0 0 0 0 0 0 0 0 0 0 0 100 0 
0 0 0 0 0 0 0 0 0 0 0 0 0 0 0 0 0 0 0 100 
