0 0 0 0 0 0 0 0 0 0 0 0 0 0 0 0 0 0 0 0 
0 0.24 0 0 0 0 0 0 0 0 0 0 0 0 0 0 0 0 0 0 
0.01 0.25 0.41 0 0 0 0 0 0 0 0 0 0 0 0 0 0 0 0 0 
0.01 0.35 0.57 0.22 0 0 0 0 0 0 0 0 0 0 0 0 0 0 0 0 
0.02 0.47 0.84 0.56 0.3 0 0 0 0 0 0 0 0 0 0 0 0 0 0 0 
0.01 0.41 1.01 0.82 0.57 0.17 0 0 0 0 0 0 0 0 0 0 0 0 0 0 
0.03 0.31 0.88 1.18 0.95 0.43 0.09 0 0 0 0 0 0 0 0 0 0 0 0 0 
0.01 0.42 1.01 1.42 1.07 0.71 0.3 0.07 0 0 0 0 0 0 0 0 0 0 0 0 
0.02 0.33 1.06 1.24 1.52 0.89 0.58 0.19 0.04 0 0 0 0 0 0 0 0 0 0 0 
0.03 0.35 0.85 1.45 1.52 1.28 0.77 0.39 0.13 0.01 0 0 0 0 0 0 0 0 0 0 
0.04 0.42 1.15 1.55 1.95 1.72 1.08 0.65 0.22 0.09 0 0 0 0 0 0 0 0 0 0 
0.01 0.27 0.71 1.74 1.9 1.8 1.43 0.88 0.43 0.34 0.17 0.03 0 0 0 0 0 0 0 0 
0.01 0.27 0.97 1.75 1.84 1.97 1.59 0.97 0.7 0.28 0.13 0.11 0 0 0 0 0 0 0 0 
0.06 0.21 0.87 1.75 2.23 2.12 1.69 1.12 0.79 0.41 0.19 0.1 0.06 0.04 0 0 0 0 0 0 
0.03 0.31 0.75 1.74 2.35 2.19 2.08 1.46 0.98 0.53 0.32 0.15 0.07 0.01 0.01 0 0 0 0 0 
0.09 0.25 0.75 1.82 2.49 2.68 2.36 1.69 1.19 0.81 0.35 0.35 0.13 0.05 0.04 0.01 0 0 0 0 
0.06 0.2 0.85 1.76 1.97 2.64 2.74 2.27 1.49 0.97 0.54 0.38 0.23 0.05 0.05 0 0 0 0 0 
0.03 0.19 0.68 1.56 2.27 2.75 2.6 2.2 1.63 0.99 0.58 0.58 0.26 0.14 0.09 0.05 0 0 0 0 
0.11 0.21 0.76 1.66 2.18 3.16 2.84 2.37 2.01 1.42 0.99 0.5 0.45 0.19 0.08 0.05 0.03 0.01 0 0 
0.06 0.24 0.59 1.73 2.34 3.19 2.94 2.64 1.99 1.42 0.96 0.76 0.49 0.36 0.2 0.12 0.07 0.01 0.03 0.01 
